110902
54,0,5.3,39.6771283611111,-104.896870638889
55,0.00301391136931742,6.85,39.6770865833333,-104.896887166667
56,0.00635998781178737,9.95,39.6770392222222,-104.896900694444
57,0.00997744577770582,12.45,39.6769904166667,-104.8969255
58,0.0143637499039496,14.6,39.6769291111111,-104.896947305556
59,0.0193701272418662,16.15,39.6768567777778,-104.896954833333
60,0.0240094545159227,17.7,39.6767900277778,-104.896965388889
61,0.0298651554755571,19.25,39.6767052222222,-104.896969916667
62,0.0356253772089425,20.5,39.6766218888889,-104.896963222222
63,0.0422287589280942,21.4,39.6765275555556,-104.89694225
64,0.049734365699402,22.65,39.6764222222222,-104.896907027778
65,0.0568084995719308,23.6,39.6763209722222,-104.896886055556
66,0.0634118817881049,23.6,39.6762266388889,-104.896865083333
67,0.0705195126686422,23.9,39.6761238888889,-104.896855361111
68,0.0771492992083066,24.55,39.6760280833333,-104.896845666667
69,0.0841090620363998,25.2,39.6759279444444,-104.896861472222
70,0.0908226704766425,25.2,39.6758306388889,-104.896863027778
71,0.0981464021043826,24.9,39.6757249444444,-104.896875833333
72,0.105470133694833,25.2,39.67561925,-104.896888638889
73,0.112181825547308,25.5,39.6755219722222,-104.896890194444
74,0.119289348115804,25.2,39.6754192222222,-104.8968805
75,0.125621852631759,24.25,39.6753275,-104.896885027778
76,0.131956328656288,22.35,39.67523575,-104.896889583333
77,0.136960914092513,19.55,39.6751634444444,-104.896897138889
78,0.141409093888878,15.85,39.6750996388889,-104.896885138889
79,0.144098607875262,10.9,39.6750606944444,-104.896887416667
80,0.145447674614719,5.9,39.6750412777778,-104.896884416667
81,0.145447674614719,1.85,39.6750412777778,-104.896884416667
82,0.145447674614719,0,39.6750412777778,-104.896884416667
83,0.145447674614719,0,39.6750412777778,-104.896884416667
84,0.145447674614719,0,39.6750412777778,-104.896884416667
85,0.145447674614719,0,39.6750412777778,-104.896884416667
86,0.145447674614719,0,39.6750412777778,-104.896884416667
87,0.145447674614719,0,39.6750412777778,-104.896884416667
88,0.145447674614719,0,39.6750412777778,-104.896884416667
89,0.145447674614719,0,39.6750412777778,-104.896884416667
90,0.145447674614719,0,39.6750412777778,-104.896884416667
91,0.14835368923261,2.8,39.6750023888889,-104.896863472222
92,0.149886867613127,7.15,39.6749827777778,-104.896877
93,0.153277422608717,9.95,39.6749559722222,-104.896930305556
94,0.156458710991648,11.5,39.6749610833333,-104.896989611111
95,0.160062716821016,12.75,39.6749591388889,-104.897057166667
96,0.16443797848815,14.6,39.6749543333333,-104.897139
97,0.17000045454112,16.75,39.6749535277778,-104.897243333333
98,0.175562930712353,18.95,39.6749527222222,-104.897347666667
99,0.18129433112275,20.8,39.6749574444444,-104.897455
100,0.188218581583068,22.65,39.67495925,-104.897584861111
101,0.195142797655194,24.25,39.6749610277778,-104.897714722222
102,0.202243907850583,25.2,39.6749683611111,-104.897847583333
103,0.209937363101868,25.5,39.6749742222222,-104.897991694444
104,0.216861577732507,25.8,39.674976,-104.898121555556
105,0.224544744073889,26.1,39.6749749444444,-104.898265666667
106,0.231468958578835,26.1,39.6749767222222,-104.898395527778
107,0.239162412905868,26.1,39.6749825833333,-104.898539638889
108,0.246263520906035,25.5,39.6749899166667,-104.8986725
109,0.253187733916485,24.25,39.6749916944444,-104.898802361111
110,0.259670867193301,23,39.6749935833333,-104.898923944444
111,0.265402373540556,21.45,39.6749983333333,-104.899031277778
112,0.271127986603725,19.55,39.6749961388889,-104.899138638889
113,0.276266839145196,18,39.6750023611111,-104.899234694444
114,0.280820500812024,17.1,39.6750100555556,-104.899319527778
115,0.285943115036784,16.8,39.6750093333333,-104.899415611111
116,0.290464544832829,17.1,39.6750100833333,-104.899500416667
117,0.295427194524949,18,39.67501075,-104.8995935
118,0.301313827676817,19.25,39.6750141111111,-104.899703833333
119,0.307037959115146,20.8,39.6750119166667,-104.899811166667
120,0.313548365209272,22.35,39.67502075,-104.89993275
121,0.319876866521816,23.95,39.6750170555555,-104.900051361111
122,0.327570316387315,25.5,39.6750229166667,-104.900195472222
123,0.334671420278321,26.4,39.67503025,-104.900328333333
124,0.342354580610102,27,39.6750291944444,-104.900472444444
125,0.350642718286841,27.95,39.6750335833333,-104.900627805556
126,0.358491565708574,29.2,39.6750380555556,-104.900774916667
127,0.366963411107567,30.1,39.675048,-104.900933305556
128,0.375703793070039,30.75,39.6750704166667,-104.901094666667
129,0.38411540740063,31.4,39.6750998611111,-104.901247777778
130,0.392926709399102,32,39.6751418055556,-104.901403888889
131,0.402714577606927,32.95,39.67519475,-104.901574222222
132,0.412512762464799,33.9,39.6752616666667,-104.901736333333
133,0.422086270813872,34.5,39.6753369722222,-104.901887166667
134,0.431927996436039,34.8,39.6754192222222,-104.902038
135,0.441320715236516,34.8,39.67551,-104.902169305556
136,0.451437878834304,35.1,39.6756216388889,-104.902292361111
137,0.461556494707992,35.4,39.6757333055556,-104.902415416667
138,0.471672684651478,35.4,39.6758449444444,-104.902538444444
139,0.481474526799532,34.8,39.6759594722222,-104.90264725
140,0.491197005104028,33.55,39.6760655555556,-104.902767305556
141,0.500244746790312,32,39.6761662222222,-104.902876083333
142,0.508223095064524,29.85,39.6762558611111,-104.902970638889
143,0.516127634050841,27.35,39.6763384444444,-104.903073416667
144,0.522638706086604,24.85,39.6764115277778,-104.903150694444
145,0.528398663166837,21.75,39.6764721388889,-104.903225
146,0.533180374942552,18.05,39.67652875,-104.90327675
147,0.536791640631861,14.3,39.6765673333333,-104.903322527778
148,0.539704560974134,10.55,39.6766018333333,-104.903354027778
149,0.54154732235583,7.15,39.6766169166667,-104.903382555556
150,0.542422516174357,4.05,39.6766293888889,-104.903385555556
151,0.542422516174357,1.25,39.6766293888889,-104.903385555556
152,0.542422516174357,0,39.6766293888889,-104.903385555556
153,0.542422516174357,0,39.6766293888889,-104.903385555556
154,0.542422516174357,0,39.6766293888889,-104.903385555556
155,0.542422516174357,0,39.6766293888889,-104.903385555556
156,0.542422516174357,0,39.6766293888889,-104.903385555556
157,0.542422516174357,0,39.6766293888889,-104.903385555556
158,0.542422516174357,0,39.6766293888889,-104.903385555556
159,0.542422516174357,0,39.6766293888889,-104.903385555556
160,0.542422516174357,0,39.6766293888889,-104.903385555556
161,0.542422516174357,0,39.6766293888889,-104.903385555556
162,0.542422516174357,0,39.6766293888889,-104.903385555556
163,0.542422516174357,0,39.6766293888889,-104.903385555556
164,0.542422516174357,0,39.6766293888889,-104.903385555556
165,0.542422516174357,0,39.6766293888889,-104.903385555556
166,0.542422516174357,0,39.6766293888889,-104.903385555556
167,0.542422516174357,0,39.6766293888889,-104.903385555556
168,0.542422516174357,0,39.6766293888889,-104.903385555556
169,0.542422516174357,0,39.6766293888889,-104.903385555556
170,0.542422516174357,0,39.6766293888889,-104.903385555556
171,0.542422516174357,0,39.6766293888889,-104.903385555556
172,0.542422516174357,0,39.6766293888889,-104.903385555556
173,0.542422516174357,0,39.6766293888889,-104.903385555556
174,0.542422516174357,0,39.6766293888889,-104.903385555556
175,0.542422516174357,0,39.6766293888889,-104.903385555556
176,0.542422516174357,0,39.6766293888889,-104.903385555556
177,0.542422516174357,0,39.6766293888889,-104.903385555556
178,0.542422516174357,0,39.6766293888889,-104.903385555556
179,0.542422516174357,0,39.6766293888889,-104.903385555556
180,0.542422516174357,0,39.6766293888889,-104.903385555556
181,0.542422516174357,0,39.6766293888889,-104.903385555556
182,0.542422516174357,0,39.6766293888889,-104.903385555556
183,0.542422516174357,0,39.6766293888889,-104.903385555556
184,0.542422516174357,0,39.6766293888889,-104.903385555556
185,0.542422516174357,0,39.6766293888889,-104.903385555556
186,0.542422516174357,0,39.6766293888889,-104.903385555556
187,0.542422516174357,0,39.6766293888889,-104.903385555556
188,0.542422516174357,0,39.6766293888889,-104.903385555556
189,0.542422516174357,0,39.6766293888889,-104.903385555556
190,0.542422516174357,0,39.6766293888889,-104.903385555556
191,0.542422516174357,0,39.6766293888889,-104.903385555556
192,0.544665048912504,2.5,39.6765988055556,-104.903399805556
193,0.547203017305984,7.15,39.6766263888889,-104.903431305556
194,0.550116790770416,10.25,39.6766608888889,-104.903462833333
195,0.55302970983889,12.1,39.6766953888889,-104.903494333333
196,0.557327255682591,14.25,39.6767394166667,-104.903551361111
197,0.562508445314288,16.45,39.6768029722222,-104.903603138889
198,0.567551707711306,18.65,39.6768594722222,-104.903663166667
199,0.57378440555676,20.5,39.6769340277778,-104.903729194444
200,0.580673129761538,22.35,39.6770140555556,-104.903806472222
201,0.587182692992194,24.25,39.6770871111111,-104.90388375
202,0.594368623631475,25.5,39.6771656388889,-104.903972305556
203,0.602990326195346,26.4,39.6772621111111,-104.904075111111
204,0.610943083440619,27.35,39.6773531388889,-104.904166638889
205,0.619200551477791,28.6,39.6774426666667,-104.904269444444
206,0.627851898909979,29.8,39.67753775,-104.90437525
207,0.636870995000875,31.05,39.6776397777778,-104.904481027778
208,0.646202923299392,32,39.6777403333333,-104.904598111111
209,0.655620316767895,32.95,39.6778478888889,-104.904706888889
210,0.664989756320757,33.6,39.6779470555556,-104.904826972222
211,0.674659900338188,33.9,39.6780461388889,-104.904955277778
212,0.683997299660743,34.2,39.67813825,-104.905083611111
213,0.694122569235216,34.2,39.6782274444444,-104.905234444444
214,0.703616165179945,34.5,39.6783041388889,-104.905382305556
215,0.713318481848572,35.1,39.6783724166667,-104.905541416667
216,0.723502009173126,35.7,39.6784391944444,-104.905711777778
217,0.733815660907484,36,39.6784906666667,-104.905893416667
218,0.743458488917629,36,39.6785240833333,-104.906069055556
219,0.75390669433204,36.35,39.6785615833333,-104.906258944444
220,0.764314746569838,36.7,39.6785656944444,-104.906454111111
221,0.774746852236886,37,39.67857675,-104.906649277778
222,0.784990113654667,37.3,39.6785753055556,-104.906841416667
223,0.795837447628246,37.3,39.6785723888889,-104.907044861111
224,0.806842867986782,37.3,39.6785750277778,-104.907251277778
225,0.81708761035914,37.3,39.6785735833333,-104.907443444444
226,0.827933464086513,37,39.6785706666667,-104.907646861111
227,0.838341514961894,36.35,39.6785747777778,-104.907842027778
228,0.847984563131374,35.7,39.6785748055556,-104.908022916667
229,0.85764079529424,35.1,39.6785679166667,-104.908203833333
230,0.867283844417868,34.2,39.6785679444444,-104.908384722222
231,0.876334882540703,32.95,39.6785625277778,-104.908554361111
232,0.885387400931263,31.7,39.6785571111111,-104.908724027778
233,0.893138700876031,30.15,39.6785421666667,-104.908868138889
234,0.900982898257259,28.9,39.6785397222222,-104.90901525
235,0.908686739507398,28.3,39.6785316944444,-104.909159388889
236,0.915618585207271,26.1,39.6785265555555,-104.90928925
237,0.921983868997936,22.65,39.6785159444444,-104.909407861111
238,0.927266436599051,20.2,39.6785138333333,-104.909506916667
239,0.932388792034549,17.75,39.6785131111111,-104.909603
240,0.936158428398808,14.6,39.6785098055556,-104.909673583333
241,0.938902175670948,10.85,39.678515,-104.909724611111
242,0.940728757259231,6.85,39.6785105555556,-104.909758388889
243,0.941513637225117,3.75,39.6785076944444,-104.909772638889
244,0.941513637225117,1.25,39.6785076944444,-104.909772638889
245,0.941513637225117,0,39.6785076944444,-104.909772638889
246,0.941513637225117,0,39.6785076944444,-104.909772638889
247,0.941513637225117,0,39.6785076944444,-104.909772638889
248,0.941513637225117,0,39.6785076944444,-104.909772638889
249,0.941513637225117,0,39.6785076944444,-104.909772638889
250,0.941513637225117,0,39.6785076944444,-104.909772638889
251,0.941513637225117,0,39.6785076944444,-104.909772638889
252,0.941513637225117,0,39.6785076944444,-104.909772638889
253,0.941513637225117,0,39.6785076944444,-104.909772638889
254,0.941513637225117,0,39.6785076944444,-104.909772638889
255,0.941513637225117,0,39.6785076944444,-104.909772638889
256,0.941513637225117,0,39.6785076944444,-104.909772638889
257,0.941513637225117,0,39.6785076944444,-104.909772638889
258,0.941513637225117,0,39.6785076944444,-104.909772638889
259,0.941513637225117,0,39.6785076944444,-104.909772638889
260,0.941513637225117,0,39.6785076944444,-104.909772638889
261,0.941513637225117,0,39.6785076944444,-104.909772638889
262,0.941513637225117,0,39.6785076944444,-104.909772638889
263,0.941513637225117,0,39.6785076944444,-104.909772638889
264,0.941513637225117,0,39.6785076944444,-104.909772638889
265,0.941513637225117,0,39.6785076944444,-104.909772638889
266,0.941513637225117,0,39.6785076944444,-104.909772638889
267,0.941513637225117,0,39.6785076944444,-104.909772638889
268,0.941513637225117,0,39.6785076944444,-104.909772638889
269,0.941513637225117,0,39.6785076944444,-104.909772638889
270,0.941513637225117,0,39.6785076944444,-104.909772638889
271,0.941513637225117,0,39.6785076944444,-104.909772638889
272,0.941513637225117,0,39.6785076944444,-104.909772638889
273,0.941513637225117,0,39.6785076944444,-104.909772638889
274,0.946224822259284,1.25,39.6784905833333,-104.909858194444
275,0.947036417435473,2.5,39.6784946666667,-104.909872472222
276,0.947871189537118,2.8,39.67848625,-104.909883722222
277,0.949243672972093,3.4,39.6784888333333,-104.90990925
278,0.950616406524214,3.7,39.6784914444444,-104.909934777778
279,0.951987421591061,4.35,39.6784940277778,-104.909960277778
280,0.953360155042859,5.3,39.6784966388889,-104.909985805556
281,0.955186737049292,5.9,39.6784921944444,-104.910019583333
282,0.956559220369572,6.2,39.6784947777778,-104.910045111111
283,0.958521383787621,6.5,39.6784959166667,-104.910081888889
284,0.960522850944339,7.15,39.6784900833333,-104.910118666667
285,0.963083289130263,8.1,39.6784897222222,-104.910166694444
286,0.965828505326212,9.3,39.6784949166667,-104.91021775
287,0.968388943387254,10.85,39.6784945555556,-104.910265777778
288,0.97117556974322,11.8,39.6784858888889,-104.910316833333
289,0.973458721390786,11.8,39.6784842777778,-104.910359611111
290,0.976243901879143,11.8,39.6784756111111,-104.910410638889
291,0.979638605043125,11.5,39.6784654444444,-104.910472944444
292,0.982967362065528,10.25,39.67846225,-104.91053525
293,0.984929450599195,8.4,39.6784633611111,-104.910572027778
294,0.986930534201009,6.85,39.6784575555556,-104.910608805556
295,0.988892622813775,5.6,39.6784586666667,-104.910645583333
296,0.989702829725587,4.35,39.67846275,-104.910659833333
297,0.99092114562141,3.7,39.6784597777778,-104.910682361111
298,0.991731352521587,3.7,39.6784638611111,-104.910696611111
299,0.992949668396996,3.7,39.6784608888889,-104.910719138889
300,0.994167663245649,3.7,39.6784579444444,-104.910741666667
301,0.994977870167166,3.4,39.6784620277778,-104.910755916667
302,0.995788802388398,3.1,39.6784660833333,-104.910770194444
303,0.996622242770078,3.1,39.6784576944444,-104.910781444444
304,0.997994726761619,3.4,39.6784602777778,-104.910806972222
305,0.999211261564752,3.7,39.6784573333333,-104.910829472222
306,1.00002219388617,3.4,39.6784613888889,-104.91084375
307,1.00002219388617,1.55,39.6784613888889,-104.91084375
308,1.00002219388617,0,39.6784613888889,-104.91084375
309,1.00002219388617,0,39.6784613888889,-104.91084375
310,1.00002219388617,0,39.6784613888889,-104.91084375
311,1.00002219388617,0,39.6784613888889,-104.91084375
312,1.00002219388617,0,39.6784613888889,-104.91084375
313,1.00002219388617,0,39.6784613888889,-104.91084375
314,1.00002219388617,0,39.6784613888889,-104.91084375
315,1.00002219388617,0,39.6784613888889,-104.91084375
316,1.00002219388617,0,39.6784613888889,-104.91084375
317,1.00002219388617,0,39.6784613888889,-104.91084375
318,1.00002219388617,0,39.6784613888889,-104.91084375
319,1.00002219388617,0,39.6784613888889,-104.91084375
320,1.00002219388617,0,39.6784613888889,-104.91084375
321,1.00002219388617,0,39.6784613888889,-104.91084375
322,1.00002219388617,0,39.6784613888889,-104.91084375
323,1.00002219388617,0,39.6784613888889,-104.91084375
324,1.00002219388617,0,39.6784613888889,-104.91084375
325,1.00002219388617,0,39.6784613888889,-104.91084375
326,1.00002219388617,0,39.6784613888889,-104.91084375
327,1.00002219388617,0,39.6784613888889,-104.91084375
328,1.00002219388617,0,39.6784613888889,-104.91084375
329,1.00002219388617,0,39.6784613888889,-104.91084375
330,1.00002219388617,0,39.6784613888889,-104.91084375
331,1.00385138939871,1.25,39.67848025,-104.910911305556
332,1.00385138939871,1.25,39.67848025,-104.910911305556
333,1.00385138939871,0,39.67848025,-104.910911305556
334,1.00385138939871,0,39.67848025,-104.910911305556
335,1.00385138939871,0,39.67848025,-104.910911305556
336,1.00385138939871,0,39.67848025,-104.910911305556
337,1.00385138939871,0,39.67848025,-104.910911305556
338,1.00385138939871,0,39.67848025,-104.910911305556
339,1.00385138939871,0,39.67848025,-104.910911305556
340,1.00385138939871,0,39.67848025,-104.910911305556
341,1.00385138939871,0,39.67848025,-104.910911305556
342,1.00385138939871,0,39.67848025,-104.910911305556
343,1.00762088375789,1.55,39.6784838611111,-104.910981861111
344,1.0089933672401,4.35,39.6784864444444,-104.911007388889
345,1.01155528631078,7.15,39.6784860833333,-104.911055444444
346,1.0147178610104,9.65,39.67848425,-104.911114722222
347,1.01788191542985,11.2,39.6784824166667,-104.911174027778
348,1.02180609127143,12.75,39.6784846388889,-104.911247583333
349,1.02577940273945,14,39.6784938055556,-104.911321166667
350,1.03030060532973,14.9,39.6784945555556,-104.911405972222
351,1.03482328864736,15.5,39.6784953055556,-104.911490805556
352,1.03934451347685,15.5,39.6784960833333,-104.911575611111
353,1.04389772582203,15.5,39.67850375,-104.911660444444
354,1.04841892781758,15.5,39.6785045,-104.91174525
355,1.05294163276288,15.5,39.6785052777778,-104.911830083333
356,1.05686580736698,15.5,39.6785075,-104.911903638889
357,1.06138848978687,15.2,39.67850825,-104.911988472222
358,1.06531273955946,14.3,39.6785105,-104.912062027778
359,1.06908101442563,13.05,39.6785071666667,-104.912132583333
360,1.07241237806462,11.15,39.6785108888889,-104.912194888889
361,1.07497281553597,9,39.6785105277778,-104.912242916667
362,1.07693638234176,7.45,39.6785116388889,-104.912279722222
363,1.07889846947945,6.2,39.67851275,-104.9123165
364,1.08011500338692,5.3,39.6785098055556,-104.912339
365,1.082078570266,4.65,39.6785109166667,-104.912375805556
366,1.08329542567142,4.3,39.6785079444444,-104.912398305556
367,1.08410702061867,4,39.6785120277778,-104.912412583333
368,1.08532387600393,3.4,39.6785090555556,-104.912435083333
369,1.08532387600393,1.55,39.6785090555556,-104.912435083333
370,1.08532387600393,0,39.6785090555556,-104.912435083333
371,1.08532387600393,0,39.6785090555556,-104.912435083333
372,1.08532387600393,0,39.6785090555556,-104.912435083333
373,1.08532387600393,0,39.6785090555556,-104.912435083333
374,1.08532387600393,0,39.6785090555556,-104.912435083333
375,1.08532387600393,0,39.6785090555556,-104.912435083333
376,1.08532387600393,0,39.6785090555556,-104.912435083333
377,1.08532387600393,0,39.6785090555556,-104.912435083333
378,1.08532387600393,0,39.6785090555556,-104.912435083333
379,1.08532387600393,0,39.6785090555556,-104.912435083333
380,1.08532387600393,0,39.6785090555556,-104.912435083333
381,1.08532387600393,0,39.6785090555556,-104.912435083333
382,1.08532387600393,0,39.6785090555556,-104.912435083333
383,1.08532387600393,0,39.6785090555556,-104.912435083333
384,1.08532387600393,0,39.6785090555556,-104.912435083333
385,1.08532387600393,0,39.6785090555556,-104.912435083333
386,1.08532387600393,0,39.6785090555556,-104.912435083333
387,1.08532387600393,0,39.6785090555556,-104.912435083333
388,1.08532387600393,0,39.6785090555556,-104.912435083333
389,1.08532387600393,0,39.6785090555556,-104.912435083333
390,1.08532387600393,0,39.6785090555556,-104.912435083333
391,1.08532387600393,0,39.6785090555556,-104.912435083333
392,1.08532387600393,0,39.6785090555556,-104.912435083333
393,1.08532387600393,0,39.6785090555556,-104.912435083333
394,1.08532387600393,0,39.6785090555556,-104.912435083333
395,1.08532387600393,0,39.6785090555556,-104.912435083333
396,1.08532387600393,0,39.6785090555556,-104.912435083333
397,1.08532387600393,0,39.6785090555556,-104.912435083333
398,1.08532387600393,0,39.6785090555556,-104.912435083333
399,1.08532387600393,0,39.6785090555556,-104.912435083333
400,1.08532387600393,0,39.6785090555556,-104.912435083333
401,1.08532387600393,0,39.6785090555556,-104.912435083333
402,1.08532387600393,0,39.6785090555556,-104.912435083333
403,1.08532387600393,0,39.6785090555556,-104.912435083333
404,1.08532387600393,0,39.6785090555556,-104.912435083333
405,1.08532387600393,0,39.6785090555556,-104.912435083333
406,1.08532387600393,0,39.6785090555556,-104.912435083333
407,1.08532387600393,0,39.6785090555556,-104.912435083333
408,1.08532387600393,0,39.6785090555556,-104.912435083333
409,1.08532387600393,0,39.6785090555556,-104.912435083333
410,1.08532387600393,0,39.6785090555556,-104.912435083333
411,1.08532387600393,0,39.6785090555556,-104.912435083333
412,1.08532387600393,0,39.6785090555556,-104.912435083333
413,1.08812062607524,1.25,39.6785265833333,-104.912482388889
414,1.08949335889246,4.05,39.6785291944444,-104.912507916667
415,1.09192966660084,7.15,39.6785232777778,-104.912552972222
416,1.09509231682895,9.95,39.6785214166667,-104.91261225
417,1.09906562619029,12.45,39.6785305833333,-104.912685833333
418,1.10358682643584,14.95,39.6785313333333,-104.912770638889
419,1.1087268945088,17.4,39.6785375555556,-104.912866722222
420,1.11445078633314,20.15,39.6785353333333,-104.912974055556
421,1.1209621598304,22.95,39.6785441388889,-104.913095666667
422,1.12804490971981,25.45,39.6785445277778,-104.913228527778
423,1.13633403782933,27.35,39.6785488888889,-104.913383916667
424,1.14401682676984,28.6,39.6785478055556,-104.913528027778
425,1.15290393731641,29.8,39.6785506944444,-104.913694694444
426,1.1613485394662,30.75,39.6785536666667,-104.913853055556
427,1.17023775885279,31.7,39.6785496388889,-104.914019722222
428,1.17988081051892,32.95,39.6785496666667,-104.914200611111
429,1.18936589896387,34.2,39.6785510555556,-104.914378527778
430,1.199609164177,35.1,39.6785496111111,-104.914570666667
431,1.20985392912632,36.05,39.6785481388889,-104.914762833333
432,1.22009867552522,37,39.6785466944444,-104.914955
433,1.23034342213608,37.6,39.67854525,-104.915147166667
434,1.24119087512254,37.9,39.6785492222222,-104.915350583333
435,1.25203821322846,37.9,39.6785463055556,-104.915554027778
436,1.26306186069763,37.9,39.6785558611111,-104.915760444444
437,1.27390775292102,38.2,39.6785529166667,-104.915963861111
438,1.28475525334386,38.5,39.6785569166667,-104.916167277778
439,1.2956026259139,38.5,39.6785539722222,-104.916370722222
440,1.30645012617243,38.5,39.6785579722222,-104.916574138889
441,1.31729601806574,38.5,39.6785550277778,-104.916777555556
442,1.32814191036734,37.9,39.6785520833333,-104.916980972222
443,1.3383866561821,36.65,39.6785506388889,-104.917173138889
444,1.34803118853341,35.1,39.6785506666667,-104.917354055556
445,1.35812717121715,33.55,39.6785436388889,-104.917543222222
446,1.36717108636867,32.3,39.6785451388889,-104.917712861111
447,1.37545514813538,31.05,39.6785425833333,-104.917868222222
448,1.38374420713993,29.8,39.6785469166667,-104.918023611111
449,1.39219033682571,29.2,39.6785499166667,-104.918182
450,1.40047946429191,29.5,39.6785542777778,-104.918337388889
451,1.40836110826722,30.1,39.6785656666667,-104.9184845
452,1.41724890619391,30.75,39.6785616111111,-104.918651138889
453,1.42569498734877,31.1,39.6785645833333,-104.918809527778
454,1.43458057257155,31.7,39.6785674444444,-104.918976166667
455,1.44407283886361,32.6,39.6785619166667,-104.919154083333
456,1.45355644488464,33.55,39.6785633055556,-104.919331972222
457,1.46321286713898,34.5,39.67857025,-104.919512888889
458,1.47269649157465,35.1,39.6785716666667,-104.919690777778
459,1.4829412532658,35.1,39.6785701944444,-104.919882944444
460,1.4924248581548,34.2,39.6785715833333,-104.920060833333
461,1.50147025038969,32.95,39.6785730833333,-104.9202305
462,1.51038599889566,32,39.6785620833333,-104.920397138889
463,1.51942991164187,31.05,39.6785635833333,-104.920566777778
464,1.5277394634249,30.1,39.6785540833333,-104.920722166667
465,1.53604754012834,29.5,39.6785445833333,-104.920877527778
466,1.54375138084013,28.6,39.6785365555556,-104.921021666667
467,1.55143419003108,26.75,39.6785354444444,-104.921165777778
468,1.55792653882038,24.25,39.6785303888889,-104.921287388889
469,1.56425324076571,22.05,39.6785266944444,-104.921405972222
470,1.56954567433188,19.85,39.6785315,-104.921505055556
471,1.57466802846245,17.7,39.6785307777778,-104.921601138889
472,1.57859368126014,15.85,39.678533,-104.921674722222
473,1.5823619549617,13.65,39.6785296666667,-104.921745277778
474,1.58508479134452,11.15,39.6785279444444,-104.921796305556
475,1.5882489209059,9.9,39.6785260833333,-104.921855611111
476,1.59099413568712,10.85,39.6785312777778,-104.921906666667
477,1.59476240942887,13.05,39.6785279444444,-104.921977222222
478,1.59928360984645,15.85,39.6785286944444,-104.922062027778
479,1.60440596418426,18,39.6785279722222,-104.922158111111
480,1.61013133703247,19.85,39.67852575,-104.922265472222
481,1.616614101876,22.05,39.6785276111111,-104.922387055556
482,1.62309834701987,24.25,39.6785294722222,-104.922508666667
483,1.63078113811144,26.1,39.6785283888889,-104.922652777778
484,1.63846542895227,27.35,39.6785272777778,-104.922796916667
485,1.64631380646855,28.6,39.6785317222222,-104.922944027778
486,1.65520160874212,29.8,39.6785276666667,-104.923110666667
487,1.66364769402975,31.05,39.6785306388889,-104.923269055556
488,1.672691610823,32,39.6785321388889,-104.923438694444
489,1.68175355778924,32.6,39.6785405555555,-104.923608333333
490,1.69140988927539,33.25,39.6785336388889,-104.92378925
491,1.70062600455718,33.9,39.6785406944444,-104.923961888889
492,1.71028085700897,34.5,39.6785337777778,-104.924142777778
493,1.71992539146341,34.8,39.6785337777778,-104.924323694444
494,1.73017015880603,34.8,39.6785323055556,-104.924515861111
495,1.73998070498056,34.8,39.6785378888889,-104.92469975
496,1.74962523891609,34.8,39.6785378888889,-104.924880666667
497,1.75926829202776,35.1,39.6785378888889,-104.925061555556
498,1.76967431917336,35.7,39.6785350555556,-104.925256722222
499,1.77931885350298,36,39.6785350555556,-104.925437638889
500,1.78972685767602,36.35,39.6785391388889,-104.925632805556
501,1.79997014342064,36.7,39.6785376666667,-104.925824944444
502,1.81037814720071,36.7,39.67854175,-104.926020111111
503,1.8206229133656,37,39.6785402777778,-104.926212277778
504,1.83103091670047,37.3,39.6785443611111,-104.926407444444
505,1.84143891947713,37.3,39.6785484444444,-104.926602611111
506,1.85168368465239,37.3,39.6785469722222,-104.926794777778
507,1.86253113736963,37.6,39.6785509444444,-104.926998194444
508,1.87353652959814,37.9,39.6785535555556,-104.927204611111
509,1.88394259062395,38.2,39.6785506944444,-104.927399777778
510,1.89478848360163,38.5,39.67854775,-104.927603194444
511,1.90579532576792,38.5,39.6785503333333,-104.927809638889
512,1.91680071809328,38.5,39.6785529444444,-104.928016055556
513,1.92824721717926,38.8,39.6785554444444,-104.92823075
514,1.93925257749464,39.1,39.6785580277778,-104.928437166667
515,1.95010002848418,39.1,39.678562,-104.928640583333
516,1.96154652612923,39.1,39.6785645,-104.928855277778
517,1.9724165029432,39.45,39.6785753888889,-104.929058694444
518,1.98386151772369,39.8,39.6785778888889,-104.929273361111
519,1.9953080127465,39.8,39.6785803888889,-104.929488055556
520,2.0061539371461,39.8,39.6785774166667,-104.929691472222
521,2.01775931372729,39.8,39.6785785277778,-104.929909166667
522,2.02860520235383,39.15,39.6785755833333,-104.930112583333
523,2.03945112755837,38.5,39.6785726111111,-104.930316
524,2.04985912609792,38.2,39.6785766944444,-104.930511166667
525,2.06072455272608,37.9,39.6785668055556,-104.930714583333
526,2.07113250044476,38.2,39.6785708611111,-104.93090975
527,2.08199792803722,38.2,39.6785609722222,-104.931113166667
528,2.09240592826975,37.9,39.6785650555556,-104.931308333333
529,2.10281198756903,37.9,39.6785621944444,-104.9315035
530,2.11365791486633,37.9,39.6785592222222,-104.931706916667
531,2.1246633057284,38.2,39.6785618333333,-104.931913333333
532,2.13507125419303,38.5,39.6785658888889,-104.9321085
533,2.14487616172123,38.2,39.6785645277778,-104.932292416667
534,2.15588152054234,37.6,39.6785671111111,-104.932498833333
535,2.16628951990682,37.3,39.6785711944444,-104.932694
536,2.17669557828503,37,39.6785683333333,-104.932889166667
537,2.18694035965058,36.35,39.6785668333333,-104.933081333333
538,2.19675230558676,35.7,39.6785723888889,-104.93326525
539,2.20536368851399,35.4,39.6785670555556,-104.933426638889
540,2.21516713366673,35.7,39.6785656666667,-104.933610527778
541,2.22497907971528,36,39.6785712222222,-104.933794444444
542,2.2352238607056,36.35,39.6785697222222,-104.933986611111
543,2.2454671419864,37,39.67856825,-104.93417875
544,2.25647398084662,37.3,39.6785708333333,-104.934385194444
545,2.26673468315118,37.6,39.6785624166667,-104.934577361111
546,2.27758061041455,37.9,39.6785594444444,-104.934780777778
547,2.28844603973491,37.9,39.6785495555556,-104.934984194444
548,2.29929196900919,37.9,39.6785465833333,-104.935187611111
549,2.3101574003907,37.9,39.6785366944444,-104.935391027778
550,2.32056535257231,37.9,39.67854075,-104.935586194444
551,2.33141128322328,37.9,39.6785377777778,-104.935789611111
552,2.34165606915431,37.6,39.6785362777778,-104.935981777778
553,2.35190083607335,37.3,39.6785348055556,-104.936173944444
554,2.36290619966406,37.3,39.6785373888889,-104.936380361111
555,2.37315098565253,37.3,39.6785358888889,-104.936572527778
556,2.38339575262903,36.65,39.6785344166667,-104.936764694444
557,2.39380370520631,35.7,39.6785384722222,-104.936959861111
558,2.40344823906071,35.1,39.6785384722222,-104.937140777778
559,2.41309129228361,34.8,39.6785384444444,-104.937321666667
560,2.42273582608897,34.5,39.6785384444444,-104.937502583333
561,2.43237887912338,33.9,39.6785384444444,-104.937683472222
562,2.44202341317465,33.25,39.6785384166667,-104.937864388889
563,2.4510673072838,32.9,39.6785398888889,-104.938034027778
564,2.45995516904797,32.9,39.6785358055556,-104.938200666667
565,2.46961011708605,32.9,39.6785288611111,-104.938381555556
566,2.47865549311911,33.55,39.6785303333333,-104.938551222222
567,2.48829854728082,34.2,39.6785303333333,-104.938732111111
568,2.49794308226792,34.5,39.6785303333333,-104.938913027778
569,2.50818638855022,35.1,39.6785288333333,-104.939105166667
570,2.51799826513266,36.05,39.6785343611111,-104.939289083333
571,2.52884419678256,37.3,39.6785313888889,-104.9394925
572,2.53984956091472,38.5,39.6785339722222,-104.939698916667
573,2.55085640521397,39.45,39.6785365555556,-104.939905361111
574,2.56170237292341,39.8,39.6785335555556,-104.940108777778
575,2.57330775679154,39.45,39.6785346666667,-104.940326472222
576,2.58415368839449,38.8,39.6785316944444,-104.940529888889
577,2.59441450510271,37.9,39.67852325,-104.940722055556
578,2.60482245930078,37.3,39.6785273055556,-104.940917222222
579,2.61566839205469,37.6,39.6785243333333,-104.941120638889
580,2.62591317997185,37.9,39.6785228333333,-104.941312805556
581,2.63692121526698,38.2,39.6785184722222,-104.941519222222
582,2.6477671494019,38.5,39.6785155,-104.941722638889
583,2.65861308400022,38.8,39.6785125277778,-104.941926055556
584,2.6696199008411,39.45,39.6785150833333,-104.9421325
585,2.68106773354328,39.8,39.6785106388889,-104.942347166667
586,2.69207307004814,39.8,39.6785131944444,-104.942553583333
587,2.7036784573775,40.1,39.6785143055556,-104.942771277778
588,2.71452442851298,40.4,39.6785113055556,-104.942974694444
589,2.72612980366092,40.4,39.6785123888889,-104.943192388889
590,2.73713517080783,40.4,39.6785149722222,-104.943398805556
591,2.74874054528926,40.4,39.6785160555556,-104.9436165
592,2.7597459118537,40.4,39.6785186388889,-104.943822916667
593,2.77135128572143,40.4,39.6785197222222,-104.944040611111
594,2.78279916914854,40.7,39.67851525,-104.944255277778
595,2.79440454358343,41,39.6785163333333,-104.944472972222
596,2.80602140542216,41,39.6785243611111,-104.944690638889
597,2.81762677833156,41,39.6785254444444,-104.944908333333
598,2.82863211254156,41,39.678528,-104.94511475
599,2.84023748484265,40.7,39.6785290833333,-104.945332444444
600,2.85124284934074,40.4,39.6785316666667,-104.945538861111
601,2.86285502337049,40.4,39.6785258055556,-104.945756555556
602,2.873860388335,40.4,39.6785283888889,-104.945962972222
603,2.88546576062389,40.4,39.6785294722222,-104.946180666667
604,2.89647109414123,40.7,39.6785320277778,-104.946387083333
605,2.90807646582181,41,39.6785331111111,-104.946604777778
606,2.91952434698724,40.7,39.6785286388889,-104.946819444444
607,2.93053116132497,40.1,39.6785311944444,-104.947025888889
608,2.94153652548742,39.8,39.6785337777778,-104.947232305556
609,2.95254185832217,39.45,39.6785363333333,-104.947438722222
610,2.9629479584603,38.8,39.6785334444444,-104.947633888889
611,2.97319274503216,37.9,39.6785319444444,-104.947826055556
612,2.98360069792551,37,39.678536,-104.948021222222
613,2.99340564714025,36.35,39.6785345833333,-104.948205138889
614,3.00365043354387,35.7,39.6785330833333,-104.948397305556
615,3.0132934874626,35.1,39.6785330555556,-104.948578194444
616,3.02293802226339,34.5,39.6785330277778,-104.948759111111
617,3.03198189575725,33.55,39.6785344722222,-104.94892875
618,3.04102579038078,32.9,39.6785359444444,-104.949098388889
619,3.05006966349502,33.25,39.6785373888889,-104.949268027778
620,3.05895752557997,33.6,39.6785333055556,-104.949434666667
621,3.06844257826884,33.25,39.6785346388889,-104.949612583333
622,3.07809733607712,33.25,39.6785415277778,-104.949793472222
623,3.08758240647188,33.9,39.6785428888889,-104.949971388889
624,3.09722545908057,34.5,39.6785428611111,-104.950152277778
625,3.10688198035706,34.8,39.6785358888889,-104.950333194444
626,3.11669237629008,35.1,39.6785414166667,-104.950517083333
627,3.12693716168489,35.7,39.6785399166667,-104.95070925
628,3.13718196683907,36,39.6785383888889,-104.950901416667
629,3.14758991876633,36.35,39.6785424444444,-104.951096583333
630,3.15785073388971,36.7,39.678534,-104.95128875
631,3.16825863519001,36.7,39.6785380277778,-104.951483916667
632,3.1786665871721,37,39.6785420833333,-104.951679083333
633,3.18951255401658,37.3,39.6785390833333,-104.9518825
634,3.19975735929446,37.3,39.6785375555556,-104.952074666667
635,3.21016531134739,37.3,39.6785416111111,-104.952269833333
636,3.22103098483883,37.3,39.6785316666667,-104.95247325
637,3.23143888648891,37.3,39.6785356944444,-104.952668416667
638,3.24168367267549,37.3,39.6785341944444,-104.952860583333
639,3.25192847867493,37,39.6785326666667,-104.95305275
640,3.26217326536169,36.35,39.6785311666667,-104.953244916667
641,3.27241659106216,36,39.6785296388889,-104.953437055556
642,3.28222154112339,36,39.6785282222222,-104.953620972222
643,3.29246632846672,36.35,39.6785267222222,-104.953813138889
644,3.30272725489596,36.7,39.67851825,-104.954005305556
645,3.3131589488539,36.7,39.6785292222222,-104.954200472222
646,3.32341976592813,36.7,39.6785207777778,-104.954392638889
647,3.33385145956053,36.7,39.67853175,-104.954587805556
648,3.34409478512194,36.7,39.6785302222222,-104.954779944444
649,3.35450416728569,36.7,39.67853425,-104.954975138889
650,3.36415921082577,36.7,39.6785272777778,-104.955156027778
651,3.37440399825505,36.7,39.6785257777778,-104.955348194444
652,3.38481190078856,36.35,39.6785298055556,-104.955543361111
653,3.39506297836394,36,39.6785352222222,-104.955735527778
654,3.40590898296943,36,39.6785321944444,-104.955938944444
655,3.41615376972596,36,39.6785306944444,-104.956131111111
656,3.42624846106861,35.7,39.6785236111111,-104.95632025
657,3.43589299775545,35.1,39.6785235555556,-104.956501166667
658,3.44554785162704,34.2,39.6785304722222,-104.956682055556
659,3.45459172540134,32.95,39.6785319166667,-104.956851694444
660,3.46347964913608,31.7,39.6785278055556,-104.957018333333
661,3.47192564222757,30.45,39.6785307222222,-104.957176722222
662,3.48021131054038,29.8,39.6785280833333,-104.957332111111
663,3.48865734947056,29.8,39.6785310277778,-104.9574905
664,3.49694301774617,29.8,39.6785283888889,-104.957645888889
665,3.50538964218469,29.5,39.6785243888889,-104.95780425
666,3.51307395282566,27.95,39.67852325,-104.957948388889
667,3.51955816071553,24.85,39.6785250833333,-104.95807
668,3.52604085079039,22.05,39.6785268888889,-104.958191583333
669,3.53102206791458,19.55,39.6785205833333,-104.958284666667
670,3.5355447279635,17.1,39.6785213055556,-104.9583695
671,3.53951627076792,15.85,39.6785304444444,-104.958443055556
672,3.5432846619918,15.2,39.6785270833333,-104.958513611111
673,3.54720876096134,15.2,39.6785292777778,-104.958587166667
674,3.55164589570061,15.85,39.6785175277778,-104.958669
675,3.55605112402677,16.5,39.6785265555555,-104.958750805556
676,3.56103250885075,17.1,39.6785202222222,-104.958843888889
677,3.56633628073305,17.4,39.67854025,-104.958939944444
678,3.57168133352783,17.1,39.6785519722222,-104.959039055556
679,3.5756160201423,15.55,39.67854725,-104.959112611111
680,3.57878014887848,12.45,39.6785453888889,-104.959171916667
681,3.58150306888935,8.7,39.6785436388889,-104.959222944444
682,3.58211311781066,4.95,39.6785421388889,-104.959234222222
683,3.58211311781066,1.55,39.6785421388889,-104.959234222222
684,3.58211311781066,0,39.6785421388889,-104.959234222222
685,3.58211311781066,0,39.6785421388889,-104.959234222222
686,3.58211311781066,0,39.6785421388889,-104.959234222222
687,3.58211311781066,0,39.6785421388889,-104.959234222222
688,3.58211311781066,0,39.6785421388889,-104.959234222222
689,3.58211311781066,0,39.6785421388889,-104.959234222222
690,3.58211311781066,0,39.6785421388889,-104.959234222222
691,3.58211311781066,0,39.6785421388889,-104.959234222222
692,3.58211311781066,0,39.6785421388889,-104.959234222222
693,3.58211311781066,0,39.6785421388889,-104.959234222222
694,3.58211311781066,0,39.6785421388889,-104.959234222222
695,3.58211311781066,0,39.6785421388889,-104.959234222222
696,3.58211311781066,0,39.6785421388889,-104.959234222222
697,3.58211311781066,0,39.6785421388889,-104.959234222222
698,3.58211311781066,0,39.6785421388889,-104.959234222222
699,3.58211311781066,0,39.6785421388889,-104.959234222222
700,3.58211311781066,0,39.6785421388889,-104.959234222222
701,3.58211311781066,0,39.6785421388889,-104.959234222222
702,3.58211311781066,0,39.6785421388889,-104.959234222222
703,3.58211311781066,0,39.6785421388889,-104.959234222222
704,3.58211311781066,0,39.6785421388889,-104.959234222222
705,3.58211311781066,0,39.6785421388889,-104.959234222222
706,3.58211311781066,0,39.6785421388889,-104.959234222222
707,3.58211311781066,0,39.6785421388889,-104.959234222222
708,3.58211311781066,0,39.6785421388889,-104.959234222222
709,3.58211311781066,0,39.6785421388889,-104.959234222222
710,3.58211311781066,0,39.6785421388889,-104.959234222222
711,3.58211311781066,0,39.6785421388889,-104.959234222222
712,3.58211311781066,0,39.6785421388889,-104.959234222222
713,3.58211311781066,0,39.6785421388889,-104.959234222222
714,3.58211311781066,0,39.6785421388889,-104.959234222222
715,3.58211311781066,0,39.6785421388889,-104.959234222222
716,3.58211311781066,0,39.6785421388889,-104.959234222222
717,3.58759512867571,3.4,39.678486,-104.959307
718,3.59015425944308,9,39.6784731388889,-104.959352027778
719,3.59382809946365,11.8,39.6784393611111,-104.959405305556
720,3.59847650183433,13.95,39.6783916388889,-104.959466861111
721,3.60379183119124,16.75,39.6783164444444,-104.959488583333
722,3.60964549733905,18.95,39.6782316666667,-104.959493055556
723,3.6164566729789,21.15,39.678133,-104.959497527778
724,3.62356463047423,23.3,39.67803025,-104.959487722222
725,3.63123249083143,24.85,39.6779191111111,-104.959489194444
726,3.64014890786956,25.8,39.6777899166667,-104.959484638889
727,3.64820007042034,26.7,39.6776732222222,-104.959483083333
728,3.65625314908849,27.65,39.6775565,-104.959481527778
729,3.66479624919408,28.3,39.6774327777778,-104.95948825
730,3.67323567262083,29.2,39.6773105,-104.959483694444
731,3.68177871042979,29.8,39.6771867777778,-104.959490388889
732,3.69021813352222,28.55,39.6770645,-104.959485833333
733,3.69731307639717,24.85,39.6769616666667,-104.959484277778
734,3.70402471636578,20.5,39.6768643888889,-104.95948575
735,3.70799401390598,16.45,39.676812,-104.959454972222
736,3.71109209140089,12.1,39.6767676388889,-104.959445944444
737,3.71341252708685,7.75,39.67673425,-104.959451194444
738,3.71341252708685,2.8,39.67673425,-104.959451194444
739,3.71341252708685,0,39.67673425,-104.959451194444
740,3.71341252708685,0,39.67673425,-104.959451194444
741,3.71341252708685,0,39.67673425,-104.959451194444
742,3.71341252708685,0,39.67673425,-104.959451194444
743,3.71341252708685,0,39.67673425,-104.959451194444
744,3.71341252708685,0,39.67673425,-104.959451194444
745,3.71341252708685,0,39.67673425,-104.959451194444
746,3.71341252708685,0,39.67673425,-104.959451194444
747,3.71341252708685,0,39.67673425,-104.959451194444
748,3.71341252708685,0,39.67673425,-104.959451194444
749,3.71341252708685,0,39.67673425,-104.959451194444
750,3.71456076587625,2.15,39.6767286388889,-104.959471472222
751,3.71729793634373,6.5,39.6766912777778,-104.959454194444
752,3.72009266092087,10.25,39.6766509722222,-104.959459444444
753,3.72378581492304,12.75,39.6765980555556,-104.959469916667
754,3.72842478393931,14.6,39.6765313055556,-104.959480416667
755,3.73331571414996,16.45,39.6764604722222,-104.959476638889
756,3.73879765306341,18.65,39.6763812222222,-104.959484111111
757,3.74455824460618,20.8,39.6762978888889,-104.959477305556
758,3.75188156361865,22.95,39.6761921944444,-104.959490027778
759,3.75907226836495,25.15,39.6760879722222,-104.9594915
760,3.76744735482885,26.7,39.6759671944444,-104.959475666667
761,3.77597757282003,27.3,39.6758435555556,-104.959474138889
762,3.78489398687032,27.95,39.6757143611111,-104.959469583333
763,3.7929451465541,28.6,39.6755976666667,-104.959468027778
764,3.80074562861208,28.3,39.6754850277778,-104.95948075
765,3.80891429520435,28,39.6753668611111,-104.959490444444
766,3.81696737069438,27.05,39.6752501388889,-104.959488888889
767,3.82494579534725,26.7,39.6751349166667,-104.959476083333
768,3.8315759291422,25.45,39.6750391111111,-104.959466305556
769,3.83621471998267,20.8,39.6749723611111,-104.959476777778
770,3.84085541329738,16.15,39.6749055833333,-104.95948725
771,3.84420117456885,13.05,39.6748582222222,-104.95950075
772,3.84616511707215,10.85,39.6748468611111,-104.959534527778
773,3.8493247494011,10.55,39.6748325,-104.959590805556
774,3.85353152973255,11.5,39.6748471944444,-104.959667388889
775,3.85750327754177,12.4,39.6748563333333,-104.959740944444
776,3.86202469578715,13.95,39.6748570555556,-104.95982575
777,3.86672724252142,15.85,39.6748633333333,-104.959913583333
778,3.87186710369337,17.4,39.6748694722222,-104.960009666667
779,3.87735609940547,18.3,39.6748798333333,-104.96011175
780,3.88247876196448,19.25,39.6748790555556,-104.960207833333
781,3.88836525659969,20.2,39.6748823611111,-104.960318166667
782,3.894849804804,21.1,39.6748841944444,-104.960439777778
783,3.90057404955878,22.05,39.6748819444444,-104.960547111111
784,3.90664690818586,22.7,39.6748908055556,-104.960660444444
785,3.9131314185576,22.7,39.6748926111111,-104.960782055556
786,3.91901791199138,21.45,39.6748959166667,-104.960892388889
787,3.92431062150585,19.25,39.6749007222222,-104.960991472222
788,3.92883351766469,16.75,39.6749014444444,-104.961076305556
789,3.93275782143885,14.25,39.6749036388889,-104.961149861111
790,3.93592063647501,11.8,39.6749017777778,-104.961209138889
791,3.93908493121847,9.35,39.6748999166667,-104.961268444444
792,3.94104704645884,6.85,39.674901,-104.961305222222
793,3.94244042845962,5.9,39.6748966666667,-104.96133075
794,3.94383422296926,6.2,39.6748923055556,-104.961356277778
795,3.94615743730587,6.2,39.6748684444444,-104.961387027778
796,3.94827651952932,6.5,39.6748405,-104.961403527778
797,3.9500269081565,6.5,39.6748155555556,-104.961397527778
798,3.95234716586332,5.25,39.6747821666667,-104.96140275
799,3.95322424437687,3.4,39.6747696666667,-104.96139975
