110902
148,0,2.15,39.6771646944444,-104.896842833333
149,0.0022229285092234,6.2,39.6771328055556,-104.896836861111
150,0.00539106847540545,8.4,39.6770869166667,-104.896839111111
151,0.00795115891371245,9.3,39.6770520833333,-104.896855666667
152,0.0114260604796261,10.85,39.6770033611111,-104.896872194444
153,0.015354283366954,12.75,39.6769489722222,-104.896894
154,0.0194209706080818,14,39.6768932222222,-104.896918777778
155,0.0232343996398831,14.9,39.6768389444444,-104.896932305556
156,0.027954826691934,16.15,39.6767720833333,-104.896951111111
157,0.0328455761503379,17.4,39.67670125,-104.896947416667
158,0.0382151223968136,18.95,39.6766234722222,-104.896943694444
159,0.0439415147188744,19.9,39.6765416388889,-104.896925722222
160,0.0496697965333977,20.2,39.6764597777778,-104.89690775
161,0.0553961890836641,20.5,39.6763779444444,-104.896889777778
162,0.0619995711971842,21.45,39.6762836111111,-104.896868805556
163,0.0677278533685118,22.05,39.67620175,-104.896850833333
164,0.0739644928627201,21.7,39.6761115,-104.896844111111
165,0.0797228934677493,22.05,39.6760281944444,-104.896837388889
166,0.0864365020218711,22.7,39.6759308888889,-104.896838944444
167,0.092673141303574,23.3,39.6758406388889,-104.896832222222
168,0.100247070798954,23.9,39.6757308611111,-104.896830805556
169,0.106481602653344,23.9,39.6756405,-104.896832333333
170,0.113328617462255,23.6,39.67554175,-104.896845166667
171,0.12013989457974,23.6,39.6754430833333,-104.896849694444
172,0.126626437748458,23.6,39.6753498611111,-104.896865527778
173,0.133338111159454,23,39.6752525833333,-104.896867055556
174,0.139193872010405,21.45,39.6751677777778,-104.896871611111
175,0.144084680168134,18.95,39.6750969444444,-104.896867888889
176,0.148250753448317,15.55,39.6750371111111,-104.896878444444
177,0.151417033845224,12.45,39.67499125,-104.896880722222
178,0.154757656202187,11.2,39.67497,-104.896937027778
179,0.157913390328174,10.9,39.6749501111111,-104.896990333333
180,0.161130735094797,10.6,39.6749413611111,-104.897049611111
181,0.164294950905457,10.9,39.6749395277778,-104.897108916667
182,0.167459166747745,12.1,39.6749376944444,-104.897168222222
183,0.171393898866568,13.95,39.674933,-104.897241777778
184,0.175915333585006,16.15,39.67493375,-104.897326583333
185,0.181037935216391,18.35,39.6749330555556,-104.897422666667
186,0.186924574952014,20.2,39.6749364166667,-104.897533
187,0.193409193991212,21.75,39.6749383055555,-104.897654611111
188,0.199892332257601,23.3,39.6749401944444,-104.897776194444
189,0.206975457809499,24.85,39.6749406111111,-104.897909055556
190,0.215098555544281,26.1,39.6749394166667,-104.898061416667
191,0.223232488800887,27,39.6749451944444,-104.898213805556
192,0.231522046533983,27.65,39.6749495555555,-104.898369194444
193,0.239810193715573,28.3,39.6749539444444,-104.898524555556
194,0.248096164813805,28.9,39.6749513888889,-104.898679944444
195,0.256380615194105,29.5,39.6749488611111,-104.898835305556
196,0.264670172488804,30.45,39.6749532222222,-104.898990694444
197,0.273714577971876,31.4,39.67495475,-104.899160333333
198,0.282602778123866,32,39.6749507222222,-104.899326972222
199,0.292246330828084,32.6,39.6749507777778,-104.899507861111
200,0.30130899024954,33.55,39.67495925,-104.8996775
201,0.311552785980941,34.5,39.6749578055556,-104.899869638889
202,0.321196337700179,34.8,39.6749578611111,-104.900050527778
203,0.330839889411016,35.1,39.6749579166667,-104.900231416667
204,0.34049690768764,35.4,39.6749648888889,-104.900412333333
205,0.350740684120777,35.4,39.6749634722222,-104.900604472222
206,0.360396222616935,35.1,39.6749704444444,-104.900785361111
207,0.370291321417586,34.8,39.6749899166667,-104.90096925
208,0.380402919721534,34.8,39.6750149166667,-104.901156138889
209,0.390721240239273,34.8,39.6750538055556,-104.901343027778
210,0.400698368300869,35.1,39.6751136666667,-104.901513388889
211,0.411589014028738,35.4,39.6751859444444,-104.901695
212,0.421620863653921,35.4,39.6752597777778,-104.901857111111
213,0.431462596545284,35.4,39.6753420277778,-104.902007944444
214,0.441553455972795,35.4,39.67543825,-104.9021505
215,0.451273344365207,35.1,39.6755288888889,-104.902290083333
216,0.460997291067027,34.5,39.675635,-104.902410138889
217,0.470158293097622,33.9,39.6757426944444,-104.902510666667
218,0.47877858661666,32.95,39.6758391388889,-104.902613472222
219,0.487132897386238,31.7,39.6759357222222,-104.902708
220,0.495390438676987,29.85,39.67602525,-104.902810805556
221,0.503074189699914,27.35,39.67611775,-104.902891083333
222,0.509866406780728,25.15,39.6761907222222,-104.902976611111
223,0.516377484298315,23.6,39.6762638055555,-104.903053888889
224,0.52249267646169,22.05,39.6763313333333,-104.903128194444
225,0.528319376945162,20.2,39.6764003333333,-104.903191222222
226,0.532966474662336,18.05,39.6764512777778,-104.90324825
227,0.537737799953136,15.55,39.6765092777778,-104.903297
228,0.540961564261074,13.05,39.6765423055556,-104.903339777778
229,0.543874484943868,10.25,39.6765768055556,-104.903371277778
230,0.545739127715704,6.85,39.6766003055556,-104.903388555556
231,0.545739127715704,2.5,39.6766003055556,-104.903388555556
232,0.545739127715704,0,39.6766003055556,-104.903388555556
233,0.545739127715704,0,39.6766003055556,-104.903388555556
234,0.545739127715704,0,39.6766003055556,-104.903388555556
235,0.545739127715704,0,39.6766003055556,-104.903388555556
236,0.545739127715704,0,39.6766003055556,-104.903388555556
237,0.545739127715704,0,39.6766003055556,-104.903388555556
238,0.545739127715704,0,39.6766003055556,-104.903388555556
239,0.545739127715704,0,39.6766003055556,-104.903388555556
240,0.545739127715704,0,39.6766003055556,-104.903388555556
241,0.545739127715704,0,39.6766003055556,-104.903388555556
242,0.545739127715704,0,39.6766003055556,-104.903388555556
243,0.545739127715704,0,39.6766003055556,-104.903388555556
244,0.545739127715704,0,39.6766003055556,-104.903388555556
245,0.545739127715704,0,39.6766003055556,-104.903388555556
246,0.545739127715704,0,39.6766003055556,-104.903388555556
247,0.545739127715704,0,39.6766003055556,-104.903388555556
248,0.54775194680418,1.85,39.6766293888889,-104.903385555556
249,0.549615858180275,5.9,39.6766528888889,-104.903402805556
250,0.552520827758032,9.95,39.6766789722222,-104.903445583333
251,0.556248649737308,12.75,39.6767259722222,-104.903480083333
252,0.560546194644225,14.3,39.67677,-104.903537111111
253,0.564924389972251,15.85,39.6768210555555,-104.903585888889
254,0.570366681056096,18.05,39.6768831111111,-104.903648916667
255,0.576086672345,20.2,39.6769450833333,-104.903720194444
256,0.582235621740714,22.05,39.67701125,-104.903797472222
257,0.589421555719538,23.95,39.6770897777778,-104.903886027778
258,0.597001697848125,25.5,39.6771738611111,-104.903977555556
259,0.603888877850609,26.4,39.6772538611111,-104.904054833333
260,0.611795770653117,27,39.6773364722222,-104.904157638889
261,0.619376855069048,27.65,39.6774205555555,-104.904249194444
262,0.627729569563513,28.3,39.6775171111111,-104.904343722222
263,0.635310645966606,29.2,39.6776011944444,-104.904435277778
264,0.643963438263778,30.1,39.6776963055555,-104.904541083333
265,0.653009623152691,31.05,39.6777969444444,-104.904649861111
266,0.662339127081295,32,39.6778974722222,-104.904766916667
267,0.671671040099496,32.95,39.6779980277778,-104.904884
268,0.681339826019594,33.6,39.6780970833333,-104.905012305556
269,0.691060730856319,33.6,39.67818775,-104.905151888889
270,0.700828319193056,33.6,39.6782713611111,-104.90529975
271,0.710062199649953,33.9,39.6783411111111,-104.905447583333
272,0.720005938534023,34.2,39.6784163333333,-104.905606694444
273,0.729683924428906,34.5,39.6784706388889,-104.905774083333
274,0.739185978247716,34.8,39.6785180277778,-104.905941444444
275,0.749081362163531,34.5,39.678557,-104.906120083333
276,0.758975958749684,34.5,39.6785764722222,-104.906303972222
277,0.768818267094885,34.8,39.6785889722222,-104.906487888889
278,0.778461313859737,34.8,39.6785890277778,-104.906668777778
279,0.787953577201633,34.8,39.6785835,-104.906846694444
280,0.79819831837591,35.1,39.6785820555556,-104.907038861111
281,0.807853070555113,35.1,39.6785751666667,-104.90721975
282,0.817345259043493,34.5,39.6785696666667,-104.907397666667
283,0.826988307924433,34.2,39.6785696944444,-104.907578555556
284,0.836644824505345,33.9,39.6785766666667,-104.907759472222
285,0.846287872412821,33.25,39.6785766944444,-104.907940361111
286,0.855340388956128,32.9,39.6785712777778,-104.908110027778
287,0.864226016098989,32.6,39.6785741666667,-104.908276666667
288,0.874211088232811,32.3,39.6785645277778,-104.908463555556
289,0.883262126746953,32.6,39.6785591111111,-104.908633194444
290,0.893668114938507,33.25,39.6785563055556,-104.908828361111
291,0.902871369176143,33.9,39.6785564444444,-104.909001
292,0.912074623394675,34.2,39.6785565833333,-104.909173638889
293,0.921326436384962,34.5,39.6785428611111,-104.909346277778
294,0.931131347116093,34.8,39.6785415,-104.909530194444
295,0.940941967420934,34.8,39.6785471111111,-104.909714083333
296,0.950585019438593,34.8,39.6785471388889,-104.909894972222
297,0.960241255496988,34.5,39.67854025,-104.910075888889
298,0.970044685894285,34.2,39.6785388888889,-104.910259777778
299,0.979689219826973,33.9,39.6785389166667,-104.910440694444
300,0.988892476371855,32.95,39.6785390555556,-104.910613333333
301,0.997340393698068,31.35,39.6785351388889,-104.910771722222
302,1.00502318416185,29.5,39.6785340555556,-104.910915833333
303,1.01286890437205,27.35,39.6785315833333,-104.911062972222
304,1.01952518958917,25.5,39.6785251388889,-104.911187555556
305,1.02601753934094,24.25,39.6785200833333,-104.911309166667
306,1.03250841088403,23.3,39.6785150277778,-104.91143075
307,1.03839685072756,22.35,39.6785114444444,-104.911541111111
308,1.0442837311943,21.1,39.6785078888889,-104.911651444444
309,1.05017069218075,20.5,39.6785043055556,-104.911761777778
310,1.05589606698315,20.5,39.6785020833333,-104.911869138889
311,1.06178240423936,21.1,39.6785054444444,-104.911979472222
312,1.06811051117651,22.35,39.6785017777778,-104.912098083333
313,1.07519326539336,23.6,39.6785021666667,-104.912230944444
314,1.08229039426044,24.85,39.6784956111111,-104.912363805556
315,1.08937314910647,26.1,39.678496,-104.912496666667
316,1.09705594390691,27,39.6784949166667,-104.912640777778
317,1.10429888590631,27.65,39.6784939444444,-104.912776638889
318,1.11214882197321,28,39.6784984166667,-104.912923777778
319,1.11999727785285,28.3,39.6785028888889,-104.913070888889
320,1.1282828661571,29.2,39.6785003055556,-104.913226277778
321,1.13660317581437,30.1,39.6785116111111,-104.913381666667
322,1.14549098066378,30.4,39.6785075555556,-104.913548305556
323,1.1539355880096,30.75,39.6785105277778,-104.913706666667
324,1.16282270333226,31.4,39.6785134166667,-104.913873333333
325,1.17171050794936,31.7,39.6785093611111,-104.914039972222
326,1.18077258087791,31.7,39.6785178055556,-104.914209611111
327,1.18966038493369,31.7,39.67851375,-104.91437625
328,1.19854601944322,32,39.6785166388889,-104.914542888889
329,1.2075899381151,32.3,39.6785181388889,-104.914712527778
330,1.21708221114594,32.6,39.6785126111111,-104.914890444444
331,1.22612613034374,32.9,39.6785141111111,-104.915060083333
332,1.23561840397726,32.9,39.6785085833333,-104.915238
333,1.24466232369965,32.9,39.6785100833333,-104.915407638889
334,1.25415311825528,33.25,39.6785045555556,-104.915585527778
335,1.26321519180815,33.6,39.678513,-104.915755166667
336,1.27285972934098,33.6,39.6785130277778,-104.915936083333
337,1.28250278609848,33.25,39.6785130555556,-104.916116972222
338,1.29138985838056,32.9,39.6785159166667,-104.916283638889
339,1.30103291473631,32.3,39.6785159444444,-104.916464527778
340,1.30992071903017,31.4,39.6785118888889,-104.916631166667
341,1.31839198788249,30.75,39.6785218055556,-104.916789555556
342,1.3272797913725,30.4,39.67851775,-104.916956194444
343,1.33623803451444,30.1,39.6785345,-104.917122833333
344,1.34455816067871,29.2,39.6785457777778,-104.917278222222
345,1.35229099727091,27.65,39.6785585555556,-104.917422333333
346,1.35998543364822,25.15,39.6785643888889,-104.917566472222
347,1.36649680444053,22.35,39.6785731944444,-104.917688083333
348,1.37163523410485,19.85,39.6785793888889,-104.917784138889
349,1.37675758469752,17.4,39.6785786666667,-104.917880222222
350,1.38131079174724,15.25,39.6785863333333,-104.917965055556
351,1.38447484146203,13.05,39.6785845,-104.918024361111
352,1.38763896850131,10.25,39.6785826388889,-104.918083666667
353,1.38960105358029,7.15,39.67858375,-104.918120444444
354,1.39081904632984,4.05,39.6785808055556,-104.918142972222
355,1.39081904632984,1.25,39.6785808055556,-104.918142972222
356,1.39081904632984,0,39.6785808055556,-104.918142972222
357,1.39081904632984,0,39.6785808055556,-104.918142972222
358,1.39081904632984,0,39.6785808055556,-104.918142972222
359,1.39081904632984,0,39.6785808055556,-104.918142972222
360,1.39081904632984,0,39.6785808055556,-104.918142972222
361,1.39081904632984,0,39.6785808055556,-104.918142972222
362,1.39186402293621,1.85,39.6785684166667,-104.918131694444
363,1.39382610847052,5.9,39.6785695277778,-104.918168472222
364,1.39638802452482,9.65,39.6785691666667,-104.918216527778
365,1.40015629621461,12.45,39.6785658333333,-104.918287083333
366,1.40392445167197,14.6,39.6785625277778,-104.918357638889
367,1.40847765971368,16.15,39.6785701944444,-104.918442472222
368,1.41360001103907,17.7,39.6785694722222,-104.918538555556
369,1.419323900177,19.25,39.67856725,-104.918645888889
370,1.42504773848775,20.5,39.6785650555556,-104.918753222222
371,1.43137468815494,21.75,39.6785682777778,-104.918871833333
372,1.43770278936826,23,39.6785646111111,-104.918990444444
373,1.44478553022094,23.9,39.6785649722222,-104.919123305556
374,1.45188627327964,24.85,39.6785723055556,-104.919256166667
375,1.45940879334413,25.8,39.6785725833333,-104.919397277778
376,1.4671017493782,25.8,39.6785784166667,-104.919541388889
377,1.47403368869835,25.8,39.67857325,-104.91967125
378,1.48069144739287,26.1,39.6785668055556,-104.919795861111
379,1.48837573397699,26.4,39.6785656944444,-104.91994
380,1.4954584816647,26.7,39.6785660833333,-104.920072861111
381,1.50314126870034,26.7,39.678565,-104.920216972222
382,1.51082407474004,27,39.6785638888889,-104.920361083333
383,1.51850834276755,27.3,39.6785628055556,-104.920505222222
384,1.52638998578127,27.65,39.6785741944444,-104.920652333333
385,1.53469968767374,28,39.6785646666667,-104.920807722222
386,1.5425481360672,28.6,39.6785691388889,-104.920954833333
387,1.55083371645826,29.5,39.6785665555556,-104.921110222222
388,1.55927979701189,30.1,39.6785695277778,-104.921268611111
389,1.56832370878659,30.4,39.6785710277778,-104.92143825
390,1.57676978879582,30.1,39.678574,-104.921596638889
391,1.58521586844324,29.5,39.6785769722222,-104.921755027778
392,1.59289865427257,28.6,39.6785758888889,-104.921899138889
393,1.60118423385814,27.65,39.6785733055556,-104.922054527778
394,1.60886703897711,27.3,39.6785721944444,-104.922198638889
395,1.61654982533573,27.3,39.6785711111111,-104.92234275
396,1.62423411144272,27.3,39.67857,-104.922486888889
397,1.63191691692781,27.95,39.6785688888889,-104.922631
398,1.63976263319847,28.9,39.6785664166667,-104.922778138889
399,1.64820723338166,29.5,39.6785693888889,-104.9229365
400,1.65709651092249,30.1,39.6785653333333,-104.923103166667
401,1.66556629730225,30.75,39.67857525,-104.923261527778
402,1.67445415453931,31.1,39.6785711666667,-104.923428166667
403,1.68349954677497,31.4,39.6785726666667,-104.923597833333
404,1.69254345814033,31.7,39.6785741666667,-104.923767472222
405,1.7014312549786,31.7,39.6785701111111,-104.923934111111
406,1.71047514495449,31.7,39.6785715833333,-104.92410375
407,1.719362942124,32,39.6785675277778,-104.924270388889
408,1.72842488448526,32,39.6785759444444,-104.924440027778
409,1.73746879542319,31.7,39.6785774444444,-104.924609666667
410,1.74651418684003,31.7,39.6785789444444,-104.924779333333
411,1.75540204360337,31.7,39.6785748611111,-104.924945972222
412,1.76431762896712,32,39.6785638888889,-104.925112611111
413,1.77337957180173,32,39.6785723055556,-104.92528225
414,1.78228853802048,31.4,39.6785820833333,-104.925448888889
415,1.79117412100325,31.7,39.6785849444444,-104.925615527778
416,1.79962019931719,32.3,39.6785879166667,-104.925773916667
417,1.80926324566085,32.95,39.6785879444444,-104.925954805556
418,1.8177093235567,33.6,39.6785909166667,-104.926113194444
419,1.82736564708692,33.9,39.6785978333333,-104.926294111111
420,1.83700869204947,34.5,39.6785978611111,-104.926475
421,1.84725344992512,35.1,39.6785963888889,-104.926667166667
422,1.85689797567113,35.4,39.6785963888889,-104.926848083333
423,1.86714125301305,35.4,39.6785949166667,-104.927040222222
424,1.87754924820638,35.4,39.678599,-104.927235388889
425,1.88839516974954,35.7,39.6785960277778,-104.927438805556
426,1.89820718655128,36,39.6786016111111,-104.927622722222
427,1.90685229832976,34.45,39.6785893333333,-104.927784111111
428,1.91529837611078,29.5,39.6785923055556,-104.9279425
429,1.92239549573737,25.8,39.67858575,-104.928075361111
430,1.93007829947762,25.8,39.6785846388889,-104.928219472222
431,1.93672127492612,26.7,39.6785851111111,-104.928344083333
432,1.94456964590761,27.65,39.6785895555556,-104.928491194444
433,1.95287919459768,28.6,39.6785800555555,-104.928646583333
434,1.96118889579215,29.8,39.6785705277778,-104.928801972222
435,1.97023278571304,30.75,39.678572,-104.928971611111
436,1.97867886560389,31.4,39.6785749722222,-104.92913
437,1.98832191355851,31.7,39.6785749722222,-104.929310888889
438,1.99720971029344,32,39.6785709166667,-104.929477527778
439,2.00627312994128,32.3,39.6785793333333,-104.929647194444
440,2.01592807193336,32.6,39.6785723888889,-104.929828083333
441,2.02437610866753,32.6,39.6785684166667,-104.929986472222
442,2.03298034524519,31.7,39.6785700277778,-104.930147861111
443,2.04142838226737,30.45,39.6785660555556,-104.93030625
444,2.04913088165655,29.2,39.678558,-104.930450361111
445,2.05639407113387,27.65,39.6785500833333,-104.930586222222
446,2.0634911950637,26.1,39.6785435277778,-104.930719083333
447,2.06998364633428,24.55,39.6785384444444,-104.930840694444
448,2.07630911857547,22.65,39.6785416666667,-104.930959277778
449,2.08203449029532,20.5,39.6785394444444,-104.931066638889
450,2.08657554768117,18.05,39.67853325,-104.931151444444
451,2.09111789988122,15.25,39.6785270833333,-104.931236277778
452,2.09386139683981,11.5,39.67853225,-104.931287305556
453,2.09598346346716,7.75,39.678532,-104.931327111111
454,2.09659205318223,4.65,39.6785305,-104.931338361111
455,2.09659205318223,1.55,39.6785305,-104.931338361111
456,2.09659205318223,0,39.6785305,-104.931338361111
457,2.09659205318223,0,39.6785305,-104.931338361111
458,2.09659205318223,0,39.6785305,-104.931338361111
459,2.09659205318223,0,39.6785305,-104.931338361111
460,2.09659205318223,0,39.6785305,-104.931338361111
461,2.09659205318223,0,39.6785305,-104.931338361111
462,2.09659205318223,0,39.6785305,-104.931338361111
463,2.09659205318223,0,39.6785305,-104.931338361111
464,2.09659205318223,0,39.6785305,-104.931338361111
465,2.09659205318223,0,39.6785305,-104.931338361111
466,2.09659205318223,0,39.6785305,-104.931338361111
467,2.09659205318223,0,39.6785305,-104.931338361111
468,2.09659205318223,0,39.6785305,-104.931338361111
469,2.09659205318223,0,39.6785305,-104.931338361111
470,2.09659205318223,0,39.6785305,-104.931338361111
471,2.09659205318223,0,39.6785305,-104.931338361111
472,2.09659205318223,0,39.6785305,-104.931338361111
473,2.09659205318223,0,39.6785305,-104.931338361111
474,2.09659205318223,0,39.6785305,-104.931338361111
475,2.09805932891407,1.25,39.6785470555556,-104.931355638889
476,2.09927586223774,4.35,39.6785441111111,-104.931378138889
477,2.10171249124881,8.05,39.6785381666667,-104.931423194444
478,2.10489193375998,11.15,39.67854325,-104.931482472222
479,2.10941461390207,13.35,39.678544,-104.931567305556
480,2.11377802135989,15.25,39.6785461111111,-104.931649111111
481,2.11994934372663,17.4,39.6785507222222,-104.931764722222
482,2.12612056719627,19.55,39.6785553055556,-104.931880333333
483,2.13306780008688,21.75,39.678564,-104.932010166667
484,2.14065449720461,23.95,39.6785781111111,-104.932151305556
485,2.14817701663863,25.8,39.6785783888889,-104.932292416667
486,2.15585982119506,27.35,39.6785772777778,-104.932436527778
487,2.16370967275485,28.3,39.6785817222222,-104.932583666667
488,2.17067977369944,28.9,39.6785863611111,-104.932714277778
489,2.17854901582109,29.8,39.6785769444444,-104.932861388889
490,2.18761243473896,30.75,39.6785853611111,-104.933031055556
491,2.19667437472567,31.4,39.6785937777778,-104.933200694444
492,2.20571826161522,32.3,39.67859525,-104.933370333333
493,2.21497164900132,32.9,39.6786091944444,-104.933542972222
494,2.22297986579986,33.25,39.6786053333333,-104.933693111111
495,2.23263480321661,33.9,39.6786122777778,-104.933874
496,2.24227932680625,34.2,39.6786122777778,-104.934054916667
497,2.25193426422299,34.5,39.6786053333333,-104.934235805556
498,2.26157878872494,34.8,39.6786053333333,-104.934416722222
499,2.27183948594164,35.1,39.6785969166667,-104.934608888889
500,2.28209870594954,35.7,39.6785885,-104.934801027778
501,2.29219477535295,36,39.6785814444444,-104.934990194444
502,2.3026008321942,36.65,39.6785785833333,-104.935185361111
503,2.31286153335631,37.3,39.6785701666667,-104.935377527778
504,2.32372696100366,37.6,39.6785602777778,-104.935580944444
505,2.3341349097014,37.9,39.6785643333333,-104.935776111111
506,2.34500033831266,37.9,39.6785544444444,-104.935979527778
507,2.35600717936381,37.9,39.6785570277778,-104.936185972222
508,2.366267883705,37.9,39.6785486111111,-104.936378138889
509,2.37727591496453,37.9,39.67854425,-104.936584555556
510,2.3876839177043,37.9,39.6785483333333,-104.936779722222
511,2.39852984717026,37.9,39.6785453611111,-104.936983138889
512,2.40893779810484,37.3,39.6785494166667,-104.937178305556
513,2.41919850351575,36.35,39.678541,-104.937370472222
514,2.42944328897212,35.7,39.6785395,-104.937562638889
515,2.43925375907595,35.1,39.6785450555556,-104.937746527778
516,2.44889829215412,34.5,39.6785450277778,-104.937927444444
517,2.45855323891133,34.2,39.6785380833333,-104.938108333333
518,2.46759713306334,33.9,39.6785395555556,-104.938277972222
519,2.47712069081854,33.6,39.6785270833333,-104.938455888889
520,2.48664294887005,33.25,39.6785145833333,-104.938633777778
521,2.4956941530056,32.3,39.6785091111111,-104.938803416667
522,2.50460990967732,31.4,39.6784981111111,-104.938970055556
523,2.51289553994346,30.45,39.6784955,-104.939125444444
524,2.52118117057436,29.2,39.6784928888889,-104.939280833333
525,2.52947023551197,27.65,39.6784972222222,-104.939436222222
526,2.53655298319486,26.1,39.6784975833333,-104.939569083333
527,2.54363573084087,24.85,39.6784979444444,-104.939701944444
528,2.55011846061145,23.6,39.6784997777778,-104.939823527778
529,2.55540250964709,22.05,39.6784976666667,-104.939922611111
530,2.56069642327873,20.2,39.6785024722222,-104.940021722222
531,2.56521760383202,18.05,39.6785031944444,-104.940106527778
532,2.56974028653337,15.25,39.6785039444444,-104.940191361111
533,2.57350856180725,12.45,39.6785006111111,-104.940261916667
534,2.57610851678335,9.65,39.6785071666667,-104.940309944444
535,2.57748099981212,6.2,39.67850975,-104.940335472222
536,2.57748099981212,2.15,39.67850975,-104.940335472222
537,2.57748099981212,0,39.67850975,-104.940335472222
538,2.57748099981212,0,39.67850975,-104.940335472222
539,2.57748099981212,0,39.67850975,-104.940335472222
540,2.57748099981212,0,39.67850975,-104.940335472222
541,2.57748099981212,0,39.67850975,-104.940335472222
542,2.57748099981212,0,39.67850975,-104.940335472222
543,2.57748099981212,0,39.67850975,-104.940335472222
544,2.57748099981212,0,39.67850975,-104.940335472222
545,2.57748099981212,0,39.67850975,-104.940335472222
546,2.57748099981212,0,39.67850975,-104.940335472222
547,2.57748099981212,0,39.67850975,-104.940335472222
548,2.57748099981212,0,39.67850975,-104.940335472222
549,2.57748099981212,0,39.67850975,-104.940335472222
550,2.57748099981212,0,39.67850975,-104.940335472222
551,2.57748099981212,0,39.67850975,-104.940335472222
552,2.57748099981212,0,39.67850975,-104.940335472222
553,2.57748099981212,0,39.67850975,-104.940335472222
554,2.57748099981212,0,39.67850975,-104.940335472222
555,2.57748099981212,0,39.67850975,-104.940335472222
556,2.57748099981212,0,39.67850975,-104.940335472222
557,2.57748099981212,0,39.67850975,-104.940335472222
558,2.57748099981212,0,39.67850975,-104.940335472222
559,2.57748099981212,0,39.67850975,-104.940335472222
560,2.57748099981212,0,39.67850975,-104.940335472222
561,2.57748099981212,0,39.67850975,-104.940335472222
562,2.57748099981212,0,39.67850975,-104.940335472222
563,2.57748099981212,0,39.67850975,-104.940335472222
564,2.57748099981212,0,39.67850975,-104.940335472222
565,2.57748099981212,0,39.67850975,-104.940335472222
566,2.57748099981212,0,39.67850975,-104.940335472222
567,2.57748099981212,0,39.67850975,-104.940335472222
568,2.57748099981212,0,39.67850975,-104.940335472222
569,2.57748099981212,0,39.67850975,-104.940335472222
570,2.57748099981212,0,39.67850975,-104.940335472222
571,2.57748099981212,0,39.67850975,-104.940335472222
572,2.57748099981212,0,39.67850975,-104.940335472222
573,2.57748099981212,0,39.67850975,-104.940335472222
574,2.57748099981212,0,39.67850975,-104.940335472222
575,2.57748099981212,0,39.67850975,-104.940335472222
576,2.57748099981212,0,39.67850975,-104.940335472222
577,2.57748099981212,0,39.67850975,-104.940335472222
578,2.57748099981212,0,39.67850975,-104.940335472222
579,2.57748099981212,0,39.67850975,-104.940335472222
580,2.57748099981212,0,39.67850975,-104.940335472222
581,2.57748099981212,0,39.67850975,-104.940335472222
582,2.57748099981212,0,39.67850975,-104.940335472222
583,2.57748099981212,0,39.67850975,-104.940335472222
584,2.57748099981212,0,39.67850975,-104.940335472222
585,2.57748099981212,0,39.67850975,-104.940335472222
586,2.57748099981212,0,39.67850975,-104.940335472222
587,2.57748099981212,0,39.67850975,-104.940335472222
588,2.57748099981212,0,39.67850975,-104.940335472222
589,2.57748099981212,0,39.67850975,-104.940335472222
590,2.57748099981212,0,39.67850975,-104.940335472222
591,2.57748099981212,0,39.67850975,-104.940335472222
592,2.58218475105046,1.55,39.6785030277778,-104.940423277778
593,2.58414683843207,4.95,39.6785041388889,-104.940460055556
594,2.58658200912677,8.7,39.6784981944444,-104.940505083333
595,2.58991322602007,11.8,39.6785018888889,-104.940567388889
596,2.59443590880656,13.95,39.6785026388889,-104.940652222222
597,2.59880961739224,15.85,39.6784978055556,-104.940734027778
598,2.60393199301074,17.7,39.6784970555556,-104.940830111111
599,2.60981903565092,19.55,39.6784934444444,-104.940940444444
600,2.61614722063255,21.75,39.67848975,-104.941059055556
601,2.62263143165245,23.6,39.6784915833333,-104.941180666667
602,2.63031424582552,24.85,39.6784904722222,-104.941324777778
603,2.63739698771848,26.1,39.6784908055556,-104.941457638889
604,2.64568257746534,27.35,39.6784882222222,-104.941613027778
605,2.65336541137209,28.6,39.6784870833333,-104.941757138889
606,2.66240931217495,30.15,39.6784885555556,-104.941926777778
607,2.67132523479493,31.7,39.6784775277778,-104.942093416667
608,2.6803706175234,32.6,39.678479,-104.942263083333
609,2.69001367901619,33.25,39.6784789722222,-104.942443972222
610,2.69965674032117,33.9,39.6784789722222,-104.942624861111
611,2.70990153494016,34.5,39.6784774722222,-104.942817027778
612,2.71954607741832,35.1,39.6784774444444,-104.942997944444
613,2.7297908722623,35.4,39.6784759444444,-104.943190111111
614,2.73960127666461,35.4,39.6784814722222,-104.943374
615,2.74984607091358,35.4,39.6784799722222,-104.943566166667
616,2.76009086533124,35.7,39.6784784722222,-104.943758333333
617,2.76990282375271,36,39.6784840277778,-104.94394225
618,2.78014613687399,36,39.6784825277778,-104.944134388889
619,2.79055224508374,36,39.6784796388889,-104.944329555556
620,2.80019678726123,36,39.6784796111111,-104.944510472222
621,2.81060474805748,36.35,39.6784836666667,-104.944705638889
622,2.82084954198295,36.7,39.6784821666667,-104.944897805556
623,2.83109285532624,36.7,39.6784806666667,-104.945089944444
624,2.84150081596465,36.7,39.6784847222222,-104.945285111111
625,2.85236785538722,37,39.6784748055556,-104.945488555556
626,2.86277576551221,37.6,39.6784788333333,-104.945683722222
627,2.87301907940144,37.9,39.6784773333333,-104.945875861111
628,2.88402593274239,37.9,39.6784799166667,-104.946082305556
629,2.89426926595996,37.9,39.6784783888889,-104.946274444444
630,2.90527878863166,37.9,39.6784740277778,-104.946480888889
631,2.91612472971509,37.6,39.6784710555556,-104.946684305556
632,2.92653264040185,37.3,39.6784750833333,-104.946879472222
633,2.93679335683032,37,39.6784666666667,-104.947071638889
634,2.94720126822895,36.7,39.6784706944444,-104.947266805556
635,2.95744606401721,36.35,39.6784691944444,-104.947458972222
636,2.96768937933016,36,39.6784676944444,-104.947651111111
637,2.97733392322255,35.7,39.6784676666667,-104.947832027778
638,2.98774183441762,35.4,39.6784716944444,-104.948027194444
639,2.99739669549261,35.1,39.6784786111111,-104.948208083333
640,3.00704123786595,34.8,39.6784785833333,-104.948389
641,3.01668429941669,34.2,39.6784785555556,-104.948569888889
642,3.02632884179843,33.6,39.6784785277778,-104.948750805556
643,3.03537274366335,33.25,39.67848,-104.948920444444
644,3.04441662407319,32.6,39.6784814444444,-104.949090083333
645,3.05346050429406,32.3,39.6784828888889,-104.949259722222
646,3.06252381288136,32,39.6784912777778,-104.949429388889
647,3.07081139814873,31.4,39.6784956111111,-104.94958475
648,3.07925739515952,30.75,39.6784985277778,-104.949743138889
649,3.08754302542881,29.2,39.6784959166667,-104.949898527778
650,3.09447507178299,27.05,39.6784907222222,-104.950028388889
651,3.10157555035354,24.85,39.678498,-104.95016125
652,3.10793980778285,22.35,39.6784873333333,-104.950279833333
653,3.11292102772664,19.55,39.6784810277778,-104.950372916667
654,3.11746208890443,16.75,39.6784748333333,-104.950457722222
655,3.12138767054499,14.6,39.6784770277778,-104.950531305556
656,3.12531184669177,13.05,39.67847925,-104.950604861111
657,3.12847597852495,12.4,39.6784773888889,-104.950664166667
658,3.13240008024935,12.4,39.6784795833333,-104.950737722222
659,3.13556421206737,13.05,39.6784777222222,-104.950797027778
660,3.14008541570684,14.6,39.6784784722222,-104.950881833333
661,3.14460807855481,16.75,39.6784791944444,-104.950966666667
662,3.15033202679092,18.95,39.6784769444444,-104.951074
663,3.15665891744499,20.8,39.6784801388889,-104.951192611111
664,3.16298439494443,22.35,39.6784833611111,-104.951311194444
665,3.17006713761661,23.95,39.6784836944444,-104.951444055556
666,3.17699918518896,25.5,39.6784785,-104.951573916667
667,3.18484897329358,26.7,39.6784829166667,-104.951721055556
668,3.19313312495236,27.95,39.6784803055556,-104.951876416667
669,3.20141879928586,29.2,39.6784776666667,-104.952031805556
670,3.21033472324157,30.45,39.6784666388889,-104.952198444444
671,3.21937860539381,31.7,39.6784680833333,-104.952368083333
672,3.22826647635302,32.95,39.678464,-104.952534722222
673,3.23792152965005,33.9,39.6784570277778,-104.952715611111
674,3.24756607502468,34.2,39.678457,-104.952896527778
675,3.25737796175608,34.5,39.6784625277778,-104.953080444444
676,3.26702102611348,35.1,39.6784624722222,-104.953261333333
677,3.27666557073154,35.4,39.6784624444444,-104.95344225
678,3.28690890658336,35.4,39.6784609166667,-104.953634388889
679,3.29715370386966,35.4,39.6784594166667,-104.953826555556
680,3.30696559025864,35.1,39.6784649444444,-104.954010472222
681,3.31660865427997,35.4,39.6784648888889,-104.954191361111
682,3.32685345098013,35.4,39.6784633888889,-104.954383527778
683,3.33666526251239,34.5,39.6784688888889,-104.954567444444
684,3.34691007816006,34.2,39.6784673611111,-104.954759611111
685,3.35655314127211,34.2,39.6784673333333,-104.9549405
686,3.36620938745964,34.2,39.6784742222222,-104.955121416667
687,3.37585244961754,34.2,39.6784741944444,-104.955302305556
688,3.38489633073097,34.2,39.6784756388889,-104.955471944444
689,3.39454087351771,33.9,39.6784756111111,-104.955652861111
690,3.40403190554101,33.9,39.67847,-104.95583075
691,3.41367644911137,33.9,39.6784699722222,-104.956011666667
692,3.4233195118603,33.9,39.6784699444444,-104.956192555556
693,3.43220744347738,33.9,39.6784658333333,-104.956359194444
694,3.44185198820105,33.9,39.6784657777778,-104.956540111111
695,3.45149505153329,34.2,39.67846575,-104.956721
696,3.46098600693113,34.2,39.6784601666667,-104.956898888889
697,3.47063055244297,34.2,39.6784601111111,-104.957079805556
698,3.48044095902709,34.2,39.6784656388889,-104.957263694444
699,3.48948632204661,34.2,39.6784670833333,-104.957433361111
700,3.49912938577049,33.9,39.6784670277778,-104.95761425
701,3.50877392975424,33.6,39.678467,-104.957795166667
702,3.51782522022715,33.25,39.6784615,-104.957964805556
703,3.52686910299598,32.6,39.6784629444444,-104.958134444444
704,3.53591298563009,32,39.6784643888889,-104.958304083333
705,3.54435898644098,31.4,39.6784673055556,-104.958462472222
706,3.55324454176,30.75,39.6784701388889,-104.958629111111
707,3.56169265332271,29.5,39.6784661388889,-104.9587875
708,3.56774567001949,27.05,39.6784611388889,-104.958900861111
709,3.57378881589145,23.95,39.6784630555556,-104.959014194444
710,3.57900917880088,20.5,39.6784484444444,-104.959110277778
711,3.58371130797368,17.05,39.6784546944444,-104.959198111111
712,3.58371130797368,7.75,39.6784546944444,-104.959198111111
713,3.58371130797368,0,39.6784546944444,-104.959198111111
714,3.58371130797368,0,39.6784546944444,-104.959198111111
715,3.58371130797368,0,39.6784546944444,-104.959198111111
716,3.58371130797368,0,39.6784546944444,-104.959198111111
717,3.58371130797368,0,39.6784546944444,-104.959198111111
718,3.58371130797368,0,39.6784546944444,-104.959198111111
719,3.58371130797368,0,39.6784546944444,-104.959198111111
720,3.58371130797368,0,39.6784546944444,-104.959198111111
721,3.58371130797368,0,39.6784546944444,-104.959198111111
722,3.58371130797368,0,39.6784546944444,-104.959198111111
723,3.58371130797368,0,39.6784546944444,-104.959198111111
724,3.58371130797368,0,39.6784546944444,-104.959198111111
725,3.58371130797368,0,39.6784546944444,-104.959198111111
726,3.58371130797368,0,39.6784546944444,-104.959198111111
727,3.58371130797368,0,39.6784546944444,-104.959198111111
728,3.58371130797368,0,39.6784546944444,-104.959198111111
729,3.58371130797368,0,39.6784546944444,-104.959198111111
730,3.58371130797368,0,39.6784546944444,-104.959198111111
731,3.58371130797368,0,39.6784546944444,-104.959198111111
732,3.58371130797368,0,39.6784546944444,-104.959198111111
733,3.58371130797368,0,39.6784546944444,-104.959198111111
734,3.58371130797368,0,39.6784546944444,-104.959198111111
735,3.58371130797368,0,39.6784546944444,-104.959198111111
736,3.58371130797368,0,39.6784546944444,-104.959198111111
737,3.58371130797368,0,39.6784546944444,-104.959198111111
738,3.58371130797368,0,39.6784546944444,-104.959198111111
739,3.58371130797368,0,39.6784546944444,-104.959198111111
740,3.58371130797368,0,39.6784546944444,-104.959198111111
741,3.58371130797368,0,39.6784546944444,-104.959198111111
742,3.58371130797368,0,39.6784546944444,-104.959198111111
743,3.58371130797368,0,39.6784546944444,-104.959198111111
744,3.58371130797368,0,39.6784546944444,-104.959198111111
745,3.58371130797368,0,39.6784546944444,-104.959198111111
746,3.58371130797368,0,39.6784546944444,-104.959198111111
747,3.58371130797368,0,39.6784546944444,-104.959198111111
748,3.58371130797368,0,39.6784546944444,-104.959198111111
749,3.58371130797368,0,39.6784546944444,-104.959198111111
750,3.58371130797368,0,39.6784546944444,-104.959198111111
751,3.58371130797368,0,39.6784546944444,-104.959198111111
752,3.58371130797368,0,39.6784546944444,-104.959198111111
753,3.58371130797368,0,39.6784546944444,-104.959198111111
754,3.58371130797368,0,39.6784546944444,-104.959198111111
755,3.58371130797368,0,39.6784546944444,-104.959198111111
756,3.58371130797368,0,39.6784546944444,-104.959198111111
757,3.58371130797368,0,39.6784546944444,-104.959198111111
758,3.58371130797368,0,39.6784546944444,-104.959198111111
759,3.58371130797368,0,39.6784546944444,-104.959198111111
760,3.58371130797368,0,39.6784546944444,-104.959198111111
761,3.58371130797368,0,39.6784546944444,-104.959198111111
762,3.58371130797368,0,39.6784546944444,-104.959198111111
763,3.58371130797368,0,39.6784546944444,-104.959198111111
764,3.58371130797368,0,39.6784546944444,-104.959198111111
765,3.58371130797368,0,39.6784546944444,-104.959198111111
766,3.58371130797368,0,39.6784546944444,-104.959198111111
767,3.58371130797368,0,39.6784546944444,-104.959198111111
768,3.58371130797368,0,39.6784546944444,-104.959198111111
769,3.58371130797368,0,39.6784546944444,-104.959198111111
770,3.58371130797368,0,39.6784546944444,-104.959198111111
771,3.58371130797368,0,39.6784546944444,-104.959198111111
772,3.58371130797368,0,39.6784546944444,-104.959198111111
773,3.58371130797368,0,39.6784546944444,-104.959198111111
774,3.58371130797368,0,39.6784546944444,-104.959198111111
775,3.58371130797368,0,39.6784546944444,-104.959198111111
776,3.58371130797368,0,39.6784546944444,-104.959198111111
777,3.58371130797368,0,39.6784546944444,-104.959198111111
778,3.58714883901876,1.25,39.6784903611111,-104.959243138889
779,3.58854256470807,4.65,39.678486,-104.959268666667
780,3.59110448379518,8.7,39.6784856388889,-104.959316722222
781,3.59444532463123,11.8,39.6784643333333,-104.959373
782,3.59865816480623,13.65,39.6784291111111,-104.959437555556
783,3.60320172052603,14.3,39.6783759166667,-104.959487805556
784,3.60726973183923,14.9,39.6783201388889,-104.959512555556
785,3.61532967496762,18,39.6782035555556,-104.959502777778
786,3.6238678582183,21.75,39.6780800277778,-104.959492972222
787,3.63240604134278,23.95,39.6779565,-104.959483166667
788,3.64085999608012,25.2,39.6778343611111,-104.959470361111
789,3.64939023107541,25.8,39.6777107222222,-104.959468805556
790,3.65792045162274,26.4,39.6775870833333,-104.959467277778
791,3.6655882963846,26.4,39.6774759444444,-104.959468722222
792,3.67363944338051,26.4,39.67735925,-104.959467194444
793,3.681142550244,25.8,39.6772509444444,-104.959454388889
794,3.68826379374836,23.65,39.6771518611111,-104.959491833333
795,3.69411937368088,21.45,39.6770670555556,-104.959496305556
796,3.69948903049091,19.25,39.6769892777778,-104.959492527778
797,3.70351556937405,15.85,39.6769309166667,-104.95949175
798,3.70706304074991,12.45,39.6768795,-104.959490972222
799,3.7096907769693,9.65,39.6768420555556,-104.959481944444
800,3.71055026515867,6.2,39.6768325833333,-104.959471472222
801,3.71055026515867,2.15,39.6768325833333,-104.959471472222
802,3.71055026515867,0,39.6768325833333,-104.959471472222
803,3.71055026515867,0,39.6768325833333,-104.959471472222
804,3.71055026515867,0,39.6768325833333,-104.959471472222
805,3.71055026515867,0,39.6768325833333,-104.959471472222
806,3.71055026515867,0,39.6768325833333,-104.959471472222
807,3.71055026515867,0,39.6768325833333,-104.959471472222
808,3.71055026515867,0,39.6768325833333,-104.959471472222
809,3.71055026515867,0,39.6768325833333,-104.959471472222
810,3.71055026515867,0,39.6768325833333,-104.959471472222
811,3.71055026515867,0,39.6768325833333,-104.959471472222
812,3.71055026515867,0,39.6768325833333,-104.959471472222
813,3.71055026515867,0,39.6768325833333,-104.959471472222
814,3.71055026515867,0,39.6768325833333,-104.959471472222
815,3.71055026515867,0,39.6768325833333,-104.959471472222
816,3.71055026515867,0,39.6768325833333,-104.959471472222
817,3.71055026515867,0,39.6768325833333,-104.959471472222
818,3.71055026515867,0,39.6768325833333,-104.959471472222
819,3.71055026515867,0,39.6768325833333,-104.959471472222
820,3.71055026515867,0,39.6768325833333,-104.959471472222
821,3.71055026515867,0,39.6768325833333,-104.959471472222
822,3.71055026515867,0,39.6768325833333,-104.959471472222
823,3.71055026515867,0,39.6768325833333,-104.959471472222
824,3.7126721961589,2.15,39.6768445,-104.959434777778
825,3.71417893599233,6.2,39.6768236111111,-104.959443027778
826,3.71706051319211,9.65,39.6767831666667,-104.959456527778
827,3.72108513565634,12.45,39.6767248333333,-104.95945575
828,3.72511167435687,14.6,39.6766664722222,-104.959454972222
829,3.72964039838781,16.45,39.6766010833333,-104.959462444444
830,3.73512233737973,18.35,39.6765218333333,-104.959469916667
831,3.74088283594112,20.85,39.6764385,-104.959463138889
832,3.74807160870313,23,39.6763343055556,-104.959464583333
833,3.75526231363091,24.55,39.6762300833333,-104.959466055556
834,3.76283632108273,26.4,39.6761203055555,-104.9594645
835,3.77052892330162,27.3,39.6760090555556,-104.959474222222
836,3.77869950293479,28.85,39.6758908611111,-104.959483916667
837,3.78772129783724,30.4,39.6757601944444,-104.959490638889
838,3.79616071898944,30.1,39.6756379166667,-104.959486083333
839,3.80422701609151,30.1,39.6755211111111,-104.959492777778
840,3.81314996103848,29.8,39.6753918055556,-104.959496472222
841,3.8207376604626,29.2,39.6752819444444,-104.959503166667
842,3.82745281893019,27.05,39.67518475,-104.959496388889
843,3.83173527211669,22.1,39.6751235555556,-104.959509861111
844,3.8362408831689,18.05,39.67505825,-104.959509083333
845,3.84326701547358,15.85,39.6749568888889,-104.959496277778
846,3.84643323938251,13.05,39.6749110277778,-104.959498527778
847,3.84941051331352,10.55,39.6748801388889,-104.959537527778
848,3.85275198138208,10.25,39.6748588611111,-104.959593833333
849,3.85608322599613,11.2,39.6748625277778,-104.959656138889
850,3.85985022026502,12.75,39.6748591944444,-104.959726666667
851,3.86455276685483,14.95,39.6748654722222,-104.9598145
852,3.86907564455466,16.8,39.6748661666667,-104.959899333333
853,3.87419680763816,18,39.6748654166667,-104.959995388889
854,3.87992810662987,19.25,39.6748701111111,-104.960102722222
855,3.88581608175608,20.2,39.6748734166667,-104.960213083333
856,3.89214327241134,20.8,39.6748696666667,-104.960331666667
857,3.89871491894015,21.4,39.6748853611111,-104.96045325
858,3.90460289277354,21.7,39.6748886666667,-104.960563611111
859,3.91092863041357,21.7,39.6748918611111,-104.960682194444
860,3.91685283034613,21.7,39.6749020833333,-104.960792527778
861,3.92257707362614,21.1,39.6748998333333,-104.960899861111
862,3.92850150127063,19.55,39.6749100833333,-104.961010194444
863,3.93305472370455,17.4,39.6749177222222,-104.961095027778
864,3.93757613789584,14.95,39.6749184444444,-104.961179833333
865,3.94074043193233,12.45,39.6749165833333,-104.961239138889
866,3.94330102146732,9.95,39.6749161944444,-104.961287166667
867,3.94606317038082,8.1,39.6748963888889,-104.961332194444
868,3.94756991335694,6.55,39.6748755,-104.961340444444
869,3.9487866809542,5.6,39.6748601666667,-104.961351722222
870,3.95106178546062,5.3,39.6748308333333,-104.961371222222
871,3.9519369797747,4.35,39.6748183611111,-104.961368222222
872,3.95344555590329,3.1,39.6747974444444,-104.961376472222