67177
   100,   0.45162366010163874000,  13.00000,  39.53839741666666000000, -104.86030325000000000000
   101,   0.45674204245454636000,  18.60000,  39.53837177777777600000, -104.86039316666665000000
   102,   0.46263541996173724000,  22.40000,  39.53833769444444400000, -104.86049433333332000000
   103,   0.46960801092580120000,  25.50000,  39.53831319444444000000, -104.86062097222222000000
   104,   0.47779723422116854000,  26.70000,  39.53829822222222000000, -104.86077305555555000000
   105,   0.48537775458010257000,  27.30000,  39.53828469444444000000, -104.86091388888889000000
   106,   0.49303314321837266000,  26.10000,  39.53826425000000000000, -104.86105475000000000000
   107,   0.50000609278944420000,  23.60000,  39.53825222222222000000, -104.86118436111110000000
   108,   0.50697771714250080000,  23.00000,  39.53822769444444400000, -104.86131097222221000000
   109,   0.51312716420344200000,  21.10000,  39.53818116666667000000, -104.86140916666666000000
   110,   0.51964296492793690000,  22.40000,  39.53812211111111000000, -104.86150436111110000000
   111,   0.52587626149702580000,  21.70000,  39.53804799999999600000, -104.86157111111110000000
   112,   0.53355923894593940000,  24.90000,  39.53794344444444400000, -104.86162063888888000000
   113,   0.54050014660221980000,  26.10000,  39.53784730555555000000, -104.86165894444444000000
   114,   0.54746203131728530000,  26.10000,  39.53774713888889000000, -104.86167477777778000000
   115,   0.55442201391986800000,  26.10000,  39.53764700000000000000, -104.86169061111110000000
   116,   0.56182206556285160000,  26.10000,  39.53754391666666400000, -104.86172891666666000000
   117,   0.56950684817875500000,  25.50000,  39.53743933333333000000, -104.86177844444444000000
   118,   0.57680334940313470000,  27.30000,  39.53734580555555000000, -104.86184222222222000000
   119,   0.58480614402293420000,  27.30000,  39.53723977777778000000, -104.86190300000000000000
   120,   0.59249144122175250000,  26.70000,  39.53713519444444600000, -104.86195255555555000000
   121,   0.60021802508230830000,  26.70000,  39.53702658333333000000, -104.86198786111110000000
   122,   0.60801895907337940000,  26.10000,  39.53691394444444000000, -104.86200069444443000000
   123,   0.61512617194325000000,  25.50000,  39.53681119444444000000, -104.86199105555555000000
   124,   0.62136436174798710000,  22.40000,  39.53672091666667000000, -104.86198441666666000000
   125,   0.62769684730206320000,  20.50000,  39.53662919444444400000, -104.86198900000000000000
   126,   0.63288482893635260000,  18.00000,  39.53655541666666600000, -104.86200780555555000000
   127,   0.63685082462244950000,  13.00000,  39.53650513888888400000, -104.86204380555554000000
   128,   0.63941276354352560000,   8.10000,  39.53647027777777400000, -104.86206033333333000000
   129,   0.64079350114420570000,   5.00000,  39.53646038888888400000, -104.86208280555554000000
   130,   0.64280616676399470000,   0.00000,  39.53644350000000000000, -104.86211352777777000000
   131,   0.64280616676399470000,   0.00000,  39.53644350000000000000, -104.86211352777777000000
   132,   0.64280616676399470000,   0.00000,  39.53644350000000000000, -104.86211352777777000000
   133,   0.64280616676399470000,   3.70000,  39.53644350000000000000, -104.86211352777777000000
   134,   0.64417846692016910000,   6.80000,  39.53644608333333000000, -104.86213900000000000000
   135,   0.64810671188932290000,  13.00000,  39.53642338888888500000, -104.86220644444444000000
   136,   0.65265475479499910000,  17.40000,  39.53640474999999600000, -104.86228811111110000000
   137,   0.65952600960143380000,  23.60000,  39.53638716666666400000, -104.86241472222221000000
   138,   0.66781062200145590000,  29.20000,  39.53638466666666000000, -104.86256977777778000000
   139,   0.67686221077646220000,  33.60000,  39.53637930555555600000, -104.86273908333332000000
   140,   0.68770790517427060000,  37.90000,  39.53637647222222000000, -104.86294208333332000000
   141,   0.69931821511343950000,  42.30000,  39.53637077777777600000, -104.86315930555556000000
   142,   0.71272655963836230000,  45.40000,  39.53636758333333000000, -104.86341027777777000000
   143,   0.72554451608545890000,  45.40000,  39.53635894444444400000, -104.86364997222222000000
   144,   0.73911080045072800000,  45.40000,  39.53636130555555000000, -104.86390391666666000000
   145,   0.75191544583799050000,  45.40000,  39.53635958333333000000, -104.86414361111110000000
   146,   0.76472155768385670000,  44.10000,  39.53635788888889000000, -104.86438333333332000000
   147,   0.77692619131300420000,  42.90000,  39.53635763888889000000, -104.86461180555555000000
   148,   0.78837493855337840000,  41.00000,  39.53635333333333000000, -104.86482605555555000000
   149,   0.79999236578045960000,  40.40000,  39.53636152777778000000, -104.86504327777777000000
   150,   0.81144111238240680000,  39.80000,  39.53635722222222000000, -104.86525752777777000000
   151,   0.82228870651879330000,  38.50000,  39.53636130555555000000, -104.86546052777777000000
   152,   0.83313783329001800000,  37.30000,  39.53636541666666000000, -104.86566355555556000000
   153,   0.84338805050649830000,  37.90000,  39.53637099999999500000, -104.86585530555556000000
   154,   0.85363294178604340000,  39.10000,  39.53636963888888500000, -104.86604708333333000000
   155,   0.86525027320990700000,  39.80000,  39.53637780555555000000, -104.86626430555555000000
   156,   0.87627453382314870000,  39.10000,  39.53638744444444000000, -104.86647030555555000000
   157,   0.88712022695411420000,  37.90000,  39.53638461111111000000, -104.86667330555555000000
   158,   0.89736513397935680000,  35.40000,  39.53638322222222000000, -104.86686508333332000000
   159,   0.90642679679509170000,  31.70000,  39.53639175000000000000, -104.86703436111111000000
   160,   0.91471676880647570000,  27.30000,  39.53639619444444000000, -104.86718944444443000000
   161,   0.92186782255511920000,  24.20000,  39.53641052777777500000, -104.86732202777777000000
   162,   0.92852859723205500000,  24.20000,  39.53644583333333000000, -104.86743808333333000000
   163,   0.93537961266442620000,  23.60000,  39.53648805555555000000, -104.86755416666666000000
   164,   0.94290168830829470000,  26.10000,  39.53656516666666000000, -104.86765372222222000000
   165,   0.95058590498921040000,  28.00000,  39.53665769444444000000, -104.86773380555555000000
   166,   0.95929991869155180000,  31.10000,  39.53677111111111000000, -104.86780561111111000000
   167,   0.96948799410482540000,  34.80000,  39.53691244444444000000, -104.86786091666666000000
   168,   0.98002543158064870000,  37.90000,  39.53706077777777500000, -104.86790797222221000000
   169,   0.99149598950683860000,  42.30000,  39.53722013888888400000, -104.86796922222221000000
   170,   1.00384089384303050000,  45.40000,  39.53739483333333000000, -104.86801927777778000000
   171,   1.01705496739722670000,  48.50000,  39.53757916666667000000, -104.86808649999999000000
   172,   1.03073110493712130000,  51.00000,  39.53777044444444000000, -104.86815374999999000000
   173,   1.04564247006395860000,  52.80000,  39.53798119444444000000, -104.86821572222222000000
   174,   1.06008862071774530000,  55.30000,  39.53818502777778000000, -104.86827766666666000000
   175,   1.07632458958037300000,  55.90000,  39.53841666666666000000, -104.86833138888888000000
   176,   1.09216819866371280000,  56.50000,  39.53864427777778000000, -104.86837088888888000000
   177,   1.10848465766054270000,  57.80000,  39.53887880555555500000, -104.86841036111110000000
   178,   1.12435868090752880000,  59.00000,  39.53910786111111000000, -104.86843861111110000000
   179,   1.14062993551107320000,  59.70000,  39.53934247222222000000, -104.86846986111111000000
   180,   1.15703787107484860000,  60.30000,  39.53957994444444000000, -104.86848686111111000000
   181,   1.17426237711508200000,  60.30000,  39.53982844444444600000, -104.86851808333333000000
   182,   1.19148702703784970000,  60.90000,  39.54007694444444000000, -104.86854933333332000000
   183,   1.20789496414571420000,  60.90000,  39.54031441666667000000, -104.86856633333333000000
   184,   1.22511961437097680000,  59.70000,  39.54056291666666600000, -104.86859758333333000000
   185,   1.24147061771245500000,  59.00000,  39.54079891666667000000, -104.86862583333333000000
   186,   1.25782352940542190000,  58.40000,  39.54103494444444000000, -104.86865408333333000000
   187,   1.27417453312321370000,  56.50000,  39.54127094444444000000, -104.86868233333333000000
   188,   1.29013150926324330000,  56.50000,  39.54150141666666000000, -104.86870758333333000000
   189,   1.30606120515835690000,  56.50000,  39.54173194444444000000, -104.86872461111110000000
   190,   1.32197935908958960000,  57.20000,  39.54196094444444000000, -104.86876111111110000000
   191,   1.33790905590193730000,  57.80000,  39.54219147222222000000, -104.86877813888889000000
   192,   1.35382720950160000000,  58.40000,  39.54242047222222000000, -104.86881463888888000000
   193,   1.37065531322982740000,  59.70000,  39.54266341666666000000, -104.86884288888888000000
   194,   1.38793352017310640000,  60.90000,  39.54291338888888400000, -104.86886288888888000000
   195,   1.40476162436413050000,  61.50000,  39.54315633333333000000, -104.86889113888888000000
   196,   1.42198627636044600000,  62.80000,  39.54340483333333400000, -104.86892238888888000000
   197,   1.43968768009951040000,  63.40000,  39.54366027777777500000, -104.86895361111111000000
   198,   1.46280029912546270000,  64.60000,  39.54399522222222000000, -104.86894427777777000000
   199,   1.48134101863032690000,  64.60000,  39.54426322222222000000, -104.86897022222222000000
   200,   1.49948824065599000000,  64.60000,  39.54452566666666500000, -104.86899322222222000000
   201,   1.51727086515314950000,  64.60000,  39.54478250000000000000, -104.86902147222222000000
   202,   1.53497226995657400000,  64.60000,  39.54503794444444500000, -104.86905269444443000000
   203,   1.55306884838648360000,  64.00000,  39.54529891666667000000, -104.86908691666666000000
   204,   1.57082525431454100000,  64.00000,  39.54555583333333000000, -104.86910691666667000000
   205,   1.58852679954749590000,  64.00000,  39.54581127777777000000, -104.86913816666666000000
   206,   1.60667392417817300000,  64.60000,  39.54607372222222000000, -104.86916113888888000000
   207,   1.62490857231427200000,  65.20000,  39.54633758333333000000, -104.86918113888888000000
   208,   1.64305579833000380000,  65.90000,  39.54660002777778000000, -104.86920413888888000000
   209,   1.66223135992903770000,  68.40000,  39.54687783333333000000, -104.86921586111110000000
   210,   1.68124806061234990000,  68.40000,  39.54715274999999500000, -104.86924183333333000000
   211,   1.69948271116189350000,  67.70000,  39.54741661111111000000, -104.86926183333333000000
   212,   1.71853280778192420000,  67.70000,  39.54769147222222000000, -104.86929605555555000000
   213,   1.73724574349199230000,  68.40000,  39.54796227777778000000, -104.86931605555554000000
   214,   1.75634905630630890000,  68.40000,  39.54823861111111000000, -104.86933905555554000000
   215,   1.77545227437299000000,  67.70000,  39.54851494444444000000, -104.86936202777777000000
   216,   1.79363082940846220000,  67.10000,  39.54877733333333400000, -104.86939327777777000000
   217,   1.81273404863480870000,  67.70000,  39.54905366666666600000, -104.86941625000000000000
   218,   1.83130747382674630000,  67.70000,  39.54932158333333000000, -104.86945050000000000000
   219,   1.85001850013823200000,  67.70000,  39.54959236111111000000, -104.86947049999999000000
   220,   1.86859177959701420000,  66.50000,  39.54986027777777500000, -104.86950472222222000000
   221,   1.88721884201680800000,  65.90000,  39.55012969444444000000, -104.86952769444444000000
   222,   1.90531542269189360000,  65.90000,  39.55039066666666500000, -104.86956191666665000000
   223,   1.92394067179567330000,  66.50000,  39.55066005555555400000, -104.86958491666665000000
   224,   1.94251395188640450000,  67.70000,  39.55092797222222000000, -104.86961913888888000000
   225,   1.96153257114692380000,  68.40000,  39.55120291666666000000, -104.86964511111110000000
   226,   1.98089966248480500000,  69.00000,  39.55148191666667000000, -104.86968530555555000000
   227,   2.00074295879670540000,  70.20000,  39.55176786111111000000, -104.86972549999999000000
   228,   2.02055961928924400000,  71.50000,  39.55205233333333000000, -104.86977694444444000000
   229,   2.04080161028440840000,  72.70000,  39.55234383333333000000, -104.86982013888888000000
   230,   2.06101821559487370000,  73.30000,  39.55263383333333000000, -104.86987455555555000000
   231,   2.08173624316606700000,  73.90000,  39.55293227777778000000, -104.86991775000000000000
   232,   2.10242707183571080000,  73.90000,  39.55322922222222000000, -104.86997216666666000000
   233,   2.12314509931341670000,  73.30000,  39.55352766666666000000, -104.87001536111110000000
   234,   2.14376428015131330000,  72.70000,  39.55382322222222000000, -104.87007277777776000000
   235,   2.16360757658057070000,  72.10000,  39.55410916666666000000, -104.87011297222222000000
   236,   2.18430050821300630000,  72.10000,  39.55440613888888600000, -104.87016741666666000000
   237,   2.20411716312660880000,  72.10000,  39.55469061111110600000, -104.87021886111110000000
   238,   2.22435708038658200000,  71.50000,  39.55498208333333000000, -104.87026202777777000000
   239,   2.24417563192340600000,  71.50000,  39.55526658333333000000, -104.87031347222222000000
   240,   2.26401908894981300000,  73.30000,  39.55555252777778000000, -104.87035369444443000000
   241,   2.28477816509929100000,  73.30000,  39.55585241666667000000, -104.87038563888888000000
   242,   2.30422552601319000000,  70.80000,  39.55613283333333000000, -104.87042286111111000000
   243,   2.32276681834090540000,  68.40000,  39.55639927777778000000, -104.87046833333332000000
   244,   2.34043435105848550000,  66.50000,  39.55665325000000000000, -104.87051083333333000000
   245,   2.35809979248890800000,  64.60000,  39.55690719444444000000, -104.87055330555555000000
   246,   2.37582551764889100000,  63.40000,  39.55716111111111000000, -104.87060405555555000000
   247,   2.39301614308679960000,  62.80000,  39.55740811111111000000, -104.87064655555555000000
   248,   2.41026856862280740000,  63.40000,  39.55765508333333000000, -104.87069730555555000000
   249,   2.42793419938373900000,  63.40000,  39.55790902777777500000, -104.87073980555554000000
   250,   2.44512672335610450000,  63.40000,  39.55815605555555000000, -104.87078230555555000000
   251,   2.46325384907064100000,  63.40000,  39.55841549999999500000, -104.87083602777777000000
   252,   2.48052123544005050000,  62.80000,  39.55866391666667000000, -104.87087555555554000000
   253,   2.49771356261401860000,  62.10000,  39.55891094444444000000, -104.87091802777778000000
   254,   2.51498094860128640000,  62.10000,  39.55915936111111000000, -104.87095755555555000000
   255,   2.53264638706689250000,  62.10000,  39.55941330555555000000, -104.87100002777777000000
   256,   2.54944028234160270000,  60.90000,  39.55965480555555000000, -104.87103955555556000000
   257,   2.56623208984263230000,  60.30000,  39.55989627777777400000, -104.87107905555555000000
   258,   2.58302408350706750000,  60.30000,  39.56013774999999600000, -104.87111858333333000000
   259,   2.60021640864603040000,  60.30000,  39.56038477777778000000, -104.87116105555555000000
   260,   2.61700840184202300000,  60.90000,  39.56062625000000000000, -104.87120058333333000000
   261,   2.63420092204642500000,  60.90000,  39.56087327777777000000, -104.87124308333333000000
   262,   2.65139344190898200000,  61.50000,  39.56112030555555500000, -104.87128558333333000000
   263,   2.66858406185191900000,  62.10000,  39.56136730555555000000, -104.87132808333332000000
   264,   2.68617777090177900000,  62.10000,  39.56161988888888500000, -104.87137355555555000000
   265,   2.70340243440027600000,  62.10000,  39.56186838888889000000, -104.87140480555554000000
   266,   2.72059305330561330000,  63.40000,  39.56211538888888400000, -104.87144730555555000000
   267,   2.73866158358397140000,  64.00000,  39.56237491666666000000, -104.87149280555555000000
   268,   2.75675816965978300000,  64.60000,  39.56263588888888400000, -104.87152702777777000000
   269,   2.77485490569168200000,  65.90000,  39.56289686111110600000, -104.87156127777777000000
   270,   2.79295164183826500000,  66.50000,  39.56315783333333000000, -104.87159552777777000000
   271,   2.81141970528969050000,  67.10000,  39.56342288888889000000, -104.87164399999999000000
   272,   2.83039055419613100000,  68.40000,  39.56369636111110600000, -104.87168122222222000000
   273,   2.84975780853163750000,  69.00000,  39.56397536111111000000, -104.87172144444443000000
   274,   2.86869844953572440000,  68.40000,  39.56424733333333000000, -104.87176991666666000000
   275,   2.88727364472411900000,  67.10000,  39.56451527777777000000, -104.87180413888888000000
   276,   2.90621428471709330000,  67.10000,  39.56478724999999500000, -104.87185261111111000000
   277,   2.92518528941348200000,  66.50000,  39.56506072222222000000, -104.87188986111110000000
   278,   2.94372656904631970000,  65.90000,  39.56532716666666000000, -104.87193533333333000000
   279,   2.96179319514451300000,  65.20000,  39.56558666666666000000, -104.87198083333332000000
   280,   2.98033447403070940000,  65.20000,  39.56585311111111000000, -104.87202630555555000000
   281,   2.99800199551890460000,  64.60000,  39.56610708333333000000, -104.87206880555554000000
   282,   3.01606862034655300000,  64.00000,  39.56636658333333400000, -104.87211430555556000000
   283,   3.03421136434617500000,  64.00000,  39.56662749999999600000, -104.87215680555555000000
   284,   3.05191115784580360000,  62.80000,  39.56688291666667000000, -104.87218808333333000000
   285,   3.06917835646993600000,  61.50000,  39.56713133333333600000, -104.87222758333333000000
   286,   3.08597224435601600000,  59.70000,  39.56737283333334000000, -104.87226711111110000000
   287,   3.10227716094175050000,  59.00000,  39.56760588888889000000, -104.87231786111110000000
   288,   3.11906914721921300000,  59.00000,  39.56784736111111000000, -104.87235738888889000000
   289,   3.13538785656085800000,  59.00000,  39.56808191666667000000, -104.87239691666666000000
   290,   3.15170466537945800000,  59.00000,  39.56831644444445000000, -104.87243644444443000000
   291,   3.16849646462821300000,  59.00000,  39.56855791666667000000, -104.87247594444443000000
   292,   3.18481327289791770000,  59.70000,  39.56879244444445000000, -104.87251547222222000000
   293,   3.20160525803874300000,  60.90000,  39.56903391666667000000, -104.87255499999999000000
   294,   3.21832299016721860000,  61.50000,  39.56927400000000000000, -104.87259750000000000000
   295,   3.23642163564044470000,  62.10000,  39.56953500000000000000, -104.87263175000000000000
   296,   3.25361224390728630000,  62.10000,  39.56978200000000400000, -104.87267424999999000000
   297,   3.27080475141376200000,  61.50000,  39.57002902777778000000, -104.87271675000000000000
   298,   3.28752268333343740000,  61.50000,  39.57026911111111600000, -104.87275927777777000000
   299,   3.30510732745257970000,  61.50000,  39.57052019444445000000, -104.87281600000000000000
   300,   3.32222685374832950000,  61.50000,  39.57076583333334000000, -104.87286150000000000000
   301,   3.33941955570033460000,  60.90000,  39.57101286111111400000, -104.87290402777776000000
   302,   3.35653246637195600000,  60.90000,  39.57125700000000000000, -104.87296074999999000000
   303,   3.37325639210682500000,  60.30000,  39.57149413888889500000, -104.87302575000000000000
   304,   3.38996611793541770000,  59.70000,  39.57173275000000000000, -104.87307949999999000000
   305,   3.40662861119815100000,  59.70000,  39.57196847222222400000, -104.87314749999999000000
   306,   3.42335253153764850000,  59.70000,  39.57220561111111600000, -104.87321250000000000000
   307,   3.43960809486516300000,  59.70000,  39.57243580555556000000, -104.87327750000000000000
   308,   3.45633201166038100000,  59.70000,  39.57267294444445000000, -104.87334249999999000000
   309,   3.47262793970283200000,  59.00000,  39.57290166666667000000, -104.87341875000000000000
   310,   3.48894417204375100000,  58.40000,  39.57313325000000500000, -104.87348077777777000000
   311,   3.50524009457499950000,  57.80000,  39.57336197222222000000, -104.87355702777778000000
   312,   3.52108907042635580000,  57.20000,  39.57358663888889000000, -104.87361902777778000000
   313,   3.53697433300718600000,  56.50000,  39.57380980555555500000, -104.87369230555555000000
   314,   3.55245066051713100000,  55.90000,  39.57402744444445000000, -104.87376258333333000000
   315,   3.56792698573008900000,  55.30000,  39.57424508333334000000, -104.87383286111111000000
   316,   3.58336817819417730000,  54.70000,  39.57446419444444500000, -104.87389188888888000000
   317,   3.59838015303812700000,  54.70000,  39.57467488888889000000, -104.87396216666666000000
   318,   3.61385647141716550000,  54.70000,  39.57489252777778400000, -104.87403244444444000000
   319,   3.62886658600681140000,  54.70000,  39.57510319444444500000, -104.87410272222222000000
   320,   3.64387855379409280000,  54.10000,  39.57531388888889000000, -104.87417300000000000000
   321,   3.65885105425343800000,  52.80000,  39.57552605555556000000, -104.87423202777777000000
   322,   3.67345422317342060000,  52.80000,  39.57573122222222400000, -104.87429933333333000000
   323,   3.68842672068723900000,  52.80000,  39.57594338888889500000, -104.87435836111110000000
   324,   3.70302802786935060000,  52.80000,  39.57614852777778000000, -104.87442566666665000000
   325,   3.71800052243644250000,  53.40000,  39.57636069444444600000, -104.87448469444443000000
   326,   3.73301247633425800000,  53.40000,  39.57657138888889400000, -104.87455497222221000000
   327,   3.74798496791546750000,  53.40000,  39.57678355555556000000, -104.87461400000000000000
   328,   3.76254956568606900000,  52.80000,  39.57699016666667000000, -104.87467005555555000000
   329,   3.77664751293900340000,  52.20000,  39.57718986111111500000, -104.87472611111110000000
   330,   3.79120083370361800000,  51.00000,  39.57739794444445000000, -104.87477091666666000000
   331,   3.80529877818244700000,  49.70000,  39.57759763888889000000, -104.87482697222221000000
   332,   3.81897515259588750000,  49.70000,  39.57779322222222600000, -104.87486877777778000000
   333,   3.83305800751484200000,  49.70000,  39.57799438888889000000, -104.87491358333332000000
   334,   3.84715407526092570000,  48.50000,  39.57819405555556000000, -104.87496963888889000000
   335,   3.86036204174715300000,  47.20000,  39.57838275000000000000, -104.87501147222221000000
   336,   3.87309592887554070000,  46.00000,  39.57856447222222600000, -104.87505327777777000000
   337,   3.88583007536324980000,  44.70000,  39.57874619444445000000, -104.87509511111111000000
   338,   3.89809257626932200000,  43.50000,  39.57892097222223000000, -104.87513691666666000000
   339,   3.91043941066168200000,  41.60000,  39.57909569444445000000, -104.87518700000000000000
   340,   3.92142128772707700000,  38.50000,  39.57925244444445000000, -104.87522283333332000000
   341,   3.93152823903638730000,  34.80000,  39.57939672222223000000, -104.87525569444443000000
   342,   3.94075838195826900000,  32.90000,  39.57952850000000000000, -104.87528558333332000000
   343,   3.94953040417116600000,  30.40000,  39.57965483333333600000, -104.87530419444444000000
   344,   3.95788537709902500000,  28.00000,  39.57977413888889400000, -104.87533108333332000000
   345,   3.96491062592233100000,  26.10000,  39.57987550000000000000, -104.87534372222221000000
   346,   3.97191722943021650000,  25.50000,  39.57997536111112000000, -104.87536763888889000000
   347,   3.97854936876442220000,  23.60000,  39.58006822222222000000, -104.87539977777777000000
   348,   3.98430952561754800000,  21.10000,  39.58015155555556000000, -104.87540647222221000000
   349,   3.98984751565185650000,  18.60000,  39.58023088888889000000, -104.87539063888889000000
   350,   3.99423815551365720000,  17.40000,  39.58028811111111600000, -104.87535463888888000000
   351,   3.99840620821636700000,  15.50000,  39.58033433333334000000, -104.87530436111110000000
   352,   4.00233373515994500000,  16.80000,  39.58035702777778000000, -104.87523688888888000000
   353,   4.00809066879564100000,  19.90000,  39.58036613888889000000, -104.87512969444444000000
   354,   4.01381513645361500000,  22.40000,  39.58036830555556000000, -104.87502250000000000000
   355,   4.01973914098140100000,  23.60000,  39.58035800000000400000, -104.87491233333333000000
   356,   4.02682154452561600000,  24.90000,  39.58035755555556000000, -104.87477966666665000000
   357,   4.03391806352701400000,  24.90000,  39.58036405555555600000, -104.87464700000000000000
   358,   4.04149996138688400000,  24.20000,  39.58037758333334000000, -104.87450605555554000000
   359,   4.04847339997231200000,  23.00000,  39.58038963888889000000, -104.87437636111110000000
   360,   4.05479998836330200000,  21.70000,  39.58039327777778000000, -104.87425794444444000000
   361,   4.06055691903618200000,  19.30000,  39.58040238888889000000, -104.87415075000000000000
   362,   4.06553871515159000000,  14.90000,  39.58040861111112000000, -104.87405777777776000000
   363,   4.06946257517970440000,  11.20000,  39.58040636111111600000, -104.87398433333333000000
   364,   4.07142454338041300000,   6.80000,  39.58040522222222500000, -104.87394761111110000000
   365,   4.07264274814538000000,   3.70000,  39.58040816666667000000, -104.87392511111110000000
   366,   4.07342771546678200000,   0.00000,  39.58041105555556000000, -104.87391088888889000000
   367,   4.07342771546678200000,   0.00000,  39.58041105555556000000, -104.87391088888889000000
   368,   4.07342771546678200000,   0.00000,  39.58041105555556000000, -104.87391088888889000000
   369,   4.07342771546678200000,   0.00000,  39.58041105555556000000, -104.87391088888889000000
   370,   4.07342771546678200000,   0.00000,  39.58041105555556000000, -104.87391088888889000000
   371,   4.07342771546678200000,   0.00000,  39.58041105555556000000, -104.87391088888889000000
   372,   4.07342771546678200000,   0.00000,  39.58041105555556000000, -104.87391088888889000000
   373,   4.07342771546678200000,   0.00000,  39.58041105555556000000, -104.87391088888889000000
   374,   4.07342771546678200000,   0.00000,  39.58041105555556000000, -104.87391088888889000000
   375,   4.07342771546678200000,   0.00000,  39.58041105555556000000, -104.87391088888889000000
   376,   4.07342771546678200000,   0.00000,  39.58041105555556000000, -104.87391088888889000000
   377,   4.07342771546678200000,   0.00000,  39.58041105555556000000, -104.87391088888889000000
   378,   4.07342771546678200000,   0.00000,  39.58041105555556000000, -104.87391088888889000000
   379,   4.07342771546678200000,   0.00000,  39.58041105555556000000, -104.87391088888889000000
   380,   4.07342771546678200000,   0.00000,  39.58041105555556000000, -104.87391088888889000000
   381,   4.07342771546678200000,   0.00000,  39.58041105555556000000, -104.87391088888889000000
   382,   4.07342771546678200000,   0.00000,  39.58041105555556000000, -104.87391088888889000000
   383,   4.07342771546678200000,   0.00000,  39.58041105555556000000, -104.87391088888889000000
   384,   4.07342771546678200000,   0.00000,  39.58041105555556000000, -104.87391088888889000000
   385,   4.07342771546678200000,   0.00000,  39.58041105555556000000, -104.87391088888889000000
   386,   4.07342771546678200000,   6.20000,  39.58041105555556000000, -104.87391088888889000000
   387,   4.07719662325853500000,  14.30000,  39.58041433333334000000, -104.87384041666667000000
   388,   4.08248934941521200000,  19.30000,  39.58040947222223000000, -104.87374147222222000000
   389,   4.08824480473170900000,  22.40000,  39.58041858333333000000, -104.87363430555556000000
   390,   4.09472939244197000000,  23.00000,  39.58041666666667000000, -104.87351286111111000000
   391,   4.10241267377335100000,  26.70000,  39.58041772222222000000, -104.87336894444444000000
   392,   4.11145609459028000000,  31.10000,  39.58041613888889000000, -104.87319955555554000000
   393,   4.12111161361610550000,  35.40000,  39.58040911111111600000, -104.87301891666667000000
   394,   4.13154374387668500000,  39.80000,  39.58039802777778000000, -104.87282402777777000000
   395,   4.14393706702501100000,  42.90000,  39.58038577777778000000, -104.87259241666666000000
   396,   4.15692183500522900000,  44.70000,  39.58037502777778400000, -104.87234958333333000000
   397,   4.16960606976964200000,  46.00000,  39.58038925000000000000, -104.87211269444444000000
   398,   4.18228867538704400000,  46.60000,  39.58040344444445000000, -104.87187583333332000000
   399,   4.19551756669753750000,  46.60000,  39.58044411111111000000, -104.87163366666665000000
   400,   4.20894078271839300000,  46.60000,  39.58050416666667000000, -104.87139450000000000000
   401,   4.22161936384053200000,  46.60000,  39.58055583333333500000, -104.87116658333332000000
   402,   4.23490303497933200000,  46.00000,  39.58060897222222000000, -104.87092741666666000000
   403,   4.24763280078769500000,  45.40000,  39.58065508333333000000, -104.87069652777777000000
   404,   4.26091645444011900000,  45.40000,  39.58070822222223000000, -104.87045736111111000000
   405,   4.27359500135607500000,  45.40000,  39.58075988888889000000, -104.87022944444443000000
   406,   4.28627353960978000000,  45.40000,  39.58081155555555600000, -104.87000152777777000000
   407,   4.29895206920358800000,  46.60000,  39.58086322222223000000, -104.86977361111110000000
   408,   4.31234897252313800000,  47.20000,  39.58092883333334000000, -104.86953741666666000000
   409,   4.32577269567276500000,  47.20000,  39.58098891666667000000, -104.86929825000000000000
   410,   4.33901538684618300000,  47.20000,  39.58104758333334000000, -104.86906205555555000000
   411,   4.35183681275416500000,  46.60000,  39.58110619444444500000, -104.86883413888889000000
   412,   4.36525991336945650000,  46.00000,  39.58116625000000000000, -104.86859497222221000000
   413,   4.37764547316983100000,  45.40000,  39.58124141666667000000, -104.86838427777776000000
   414,   4.39023958913604600000,  44.70000,  39.58132350000000000000, -104.86817355555554000000
   415,   4.40286847474678660000,  44.10000,  39.58141113888889000000, -104.86796586111110000000
   416,   4.41496281569904600000,  44.10000,  39.58151527777778000000, -104.86778361111111000000
   417,   4.42759436098156400000,  44.10000,  39.58163741666667000000, -104.86760733333332000000
   418,   4.44009506157202800000,  45.40000,  39.58177605555556000000, -104.86745655555555000000
   419,   4.45361926231626100000,  46.60000,  39.58192863888889000000, -104.86729749999999000000
   420,   4.46712453053416400000,  46.60000,  39.58209630555556000000, -104.86716691666666000000
   421,   4.48040448569162400000,  46.00000,  39.58226391666667000000, -104.86704458333332000000
   422,   4.49352378428451400000,  46.60000,  39.58243966666667000000, -104.86695072222221000000
   423,   4.50709074127792700000,  47.20000,  39.58262641666667000000, -104.86687108333332000000
   424,   4.52025360680638850000,  47.80000,  39.58281430555556000000, -104.86682819444444000000
   425,   4.53405977479268100000,  48.50000,  39.58301319444445000000, -104.86679952777777000000
   426,   4.54808378888405200000,  49.10000,  39.58321616666667000000, -104.86678508333333000000
   427,   4.56246512227559000000,  50.30000,  39.58342461111111000000, -104.86678188888888000000
   428,   4.57675035220673900000,  51.00000,  39.58363158333333600000, -104.86678994444443000000
   429,   4.59103366712183400000,  51.00000,  39.58383852777778000000, -104.86679799999999000000
   430,   4.60579726555076300000,  51.00000,  39.58405252777778000000, -104.86679780555555000000
   431,   4.62008249691106300000,  51.60000,  39.58425950000000000000, -104.86680586111110000000
   432,   4.63484418005855850000,  52.20000,  39.58447347222222000000, -104.86680566666666000000
   433,   4.65008495231571300000,  52.80000,  39.58469438888889000000, -104.86680547222221000000
   434,   4.66484855403866300000,  53.40000,  39.58490838888889000000, -104.86680525000000000000
   435,   4.67972435172613550000,  53.40000,  39.58512383333333400000, -104.86679380555555000000
   436,   4.69448795342981000000,  52.80000,  39.58533783333333400000, -104.86679361111110000000
   437,   4.70924964043793200000,  51.60000,  39.58555180555556000000, -104.86679338888888000000
   438,   4.72364868301813900000,  50.30000,  39.58576033333333000000, -104.86678194444444000000
   439,   4.73707191725098900000,  47.80000,  39.58595488888889000000, -104.86677875000000000000
   440,   4.75061759811446300000,  45.40000,  39.58615091666667000000, -104.86676430555555000000
   441,   4.76232902773114200000,  42.90000,  39.58632052777778000000, -104.86675516666666000000
   442,   4.77403860481583100000,  40.40000,  39.58649011111111000000, -104.86674599999999000000
   443,   4.78467879078631950000,  37.30000,  39.58664433333333000000, -104.86674808333332000000
   444,   4.79455786765640800000,  34.20000,  39.58678750000000000000, -104.86674419444444000000
   445,   4.80299500112492600000,  29.80000,  39.58690975000000400000, -104.86674858333333000000
   446,   4.81056688451920300000,  24.90000,  39.58701950000000400000, -104.86674997222221000000
   447,   4.81642263096872900000,  20.50000,  39.58710430555555600000, -104.86674538888889000000
   448,   4.82179974419379900000,  19.30000,  39.58718216666667000000, -104.86674080555555000000
   449,   4.82755790133638800000,  20.50000,  39.58726547222223000000, -104.86674747222222000000
   450,   4.83341364799790600000,  21.70000,  39.58735027777778000000, -104.86674288888888000000
   451,   4.83974809693584600000,  24.20000,  39.58744202777778000000, -104.86673830555554000000
   452,   4.84684091662248800000,  26.70000,  39.58754483333333000000, -104.86673969444443000000
   453,   4.85537093791725000000,  29.80000,  39.58766847222223000000, -104.86674108333332000000
   454,   4.86402015232988600000,  32.30000,  39.58779361111112000000, -104.86673122222221000000
   455,   4.87332277972865500000,  33.60000,  39.58792833333334000000, -104.86673858333333000000
   456,   4.88358286683172700000,  37.90000,  39.58807694444444500000, -104.86674597222222000000
   457,   4.89470403588156100000,  40.40000,  39.58823813888889000000, -104.86674805555555000000
   458,   4.90689230324507500000,  43.50000,  39.58841466666667000000, -104.86673888888888000000
   459,   4.91896969055737450000,  45.40000,  39.58858972222222400000, -104.86674097222222000000
   460,   4.93277606784851800000,  47.80000,  39.58878975000000400000, -104.86674902777777000000
   461,   4.94619930900508000000,  47.80000,  39.58898430555555600000, -104.86674583333333000000
   462,   4.96010160233297500000,  47.80000,  39.58918580555556000000, -104.86674263888888000000
   463,   4.97314655998601500000,  47.20000,  39.58937483333334000000, -104.86673647222221000000
   464,   4.98631985961103200000,  46.60000,  39.58956530555556000000, -104.86671905555555000000
   465,   4.99936485556954900000,  46.60000,  39.58975433333334000000, -104.86671286111111000000
   466,   5.01240789868702750000,  45.40000,  39.58994333333334000000, -104.86670669444443000000
   467,   5.02496435875781500000,  44.10000,  39.59012533333333000000, -104.86670877777777000000
   468,   5.03715262955225400000,  42.30000,  39.59030186111111500000, -104.86669961111110000000
   469,   5.04836916504660400000,  41.60000,  39.59046444444445000000, -104.86669872222221000000
   470,   5.06044655660081500000,  41.60000,  39.59063950000000000000, -104.86670080555555000000
   471,   5.07204488048185800000,  41.60000,  39.59080761111111000000, -104.86670288888888000000
   472,   5.08326141695279600000,  41.00000,  39.59097019444444500000, -104.86670199999999000000
   473,   5.09485974149096200000,  41.00000,  39.59113830555556000000, -104.86670408333333000000
   474,   5.10667461389914900000,  41.00000,  39.59130930555555500000, -104.86669194444444000000
   475,   5.11779387284095000000,  39.80000,  39.59147047222223000000, -104.86669402777777000000
   476,   5.12901041696361750000,  37.90000,  39.59163305555555500000, -104.86669311111110000000
   477,   5.13927045292538050000,  36.70000,  39.59178166666667000000, -104.86670047222222000000
   478,   5.14914759124882700000,  34.80000,  39.59192480555556000000, -104.86669661111111000000
   479,   5.15845213893085750000,  32.30000,  39.59205955555556000000, -104.86670397222221000000
   480,   5.16698216683046900000,  30.40000,  39.59218319444444500000, -104.86670536111110000000
   481,   5.17541926661044400000,  29.20000,  39.59230544444445000000, -104.86670972222221000000
   482,   5.18347022472155700000,  28.60000,  39.59242213888889000000, -104.86671111111110000000
   483,   5.19164129460537000000,  29.20000,  39.59254033333334000000, -104.86670124999999000000
   484,   5.19969226683011200000,  28.00000,  39.59265702777778000000, -104.86670266666665000000
   485,   5.20640390122919300000,  22.40000,  39.59275430555556000000, -104.86670105555555000000
   486,   5.21216397482260000000,  19.30000,  39.59283763888889000000, -104.86670772222222000000
   487,   5.21716852805241500000,  19.90000,  39.59290994444445000000, -104.86670016666666000000
   488,   5.22350106737657000000,  23.00000,  39.59300166666666600000, -104.86669558333332000000
   489,   5.23021270217043800000,  26.10000,  39.59309894444445000000, -104.86669397222222000000
   490,   5.23778650985417000000,  29.20000,  39.59320872222222000000, -104.86669536111110000000
   491,   5.24631655244944700000,  31.70000,  39.59333236111111600000, -104.86669677777778000000
   492,   5.25571666204507900000,  34.80000,  39.59346858333333000000, -104.86669288888888000000
   493,   5.26569424811707400000,  35.40000,  39.59361311111111000000, -104.86668599999999000000
   494,   5.27557333642903700000,  35.40000,  39.59375627777778000000, -104.86668211111110000000
   495,   5.28545050904089300000,  34.80000,  39.59389941666666600000, -104.86667822222222000000
   496,   5.29545961635775300000,  34.20000,  39.59404402777778000000, -104.86666311111111000000
   497,   5.30448165909507400000,  32.30000,  39.59417469444445000000, -104.86665622222222000000
   498,   5.31339771732502900000,  29.80000,  39.59430388888889000000, -104.86666061111110000000
   499,   5.32156687655678400000,  27.30000,  39.59442205555555500000, -104.86665074999999000000
   500,   5.32875756576085100000,  24.20000,  39.59452627777778000000, -104.86664913888889000000
   501,   5.33499205104551800000,  21.10000,  39.59461663888889400000, -104.86664755555555000000
   502,   5.34036147537943900000,  17.40000,  39.59469441666667000000, -104.86665124999999000000
   503,   5.34554963186779500000,  16.20000,  39.59476819444445000000, -104.86663241666666000000
   504,   5.34889397615252800000,  13.70000,  39.59481552777778000000, -104.86661888888888000000
   505,   5.35286065967886700000,  14.90000,  39.59486580555556000000, -104.86658283333333000000
   506,   5.35762982242739000000,  16.20000,  39.59490247222222000000, -104.86650708333333000000
   507,   5.36277921348655400000,  18.60000,  39.59491011111111000000, -104.86641111111110000000
   508,   5.36843282902187400000,  22.40000,  39.59492475000000400000, -104.86630688888889000000
   509,   5.37597067286793900000,  27.30000,  39.59493133333333500000, -104.86616591666666000000
   510,   5.38444072164282400000,  32.30000,  39.59492133333334000000, -104.86600775000000000000
   511,   5.39408501754700250000,  36.70000,  39.59492122222222600000, -104.86582705555556000000
   512,   5.40553308673970100000,  41.00000,  39.59492555555555500000, -104.86561263888888000000
   513,   5.41758577836499460000,  44.10000,  39.59493133333333500000, -104.86538694444444000000
   514,   5.43039603364066300000,  45.40000,  39.59492611111111400000, -104.86514702777777000000
   515,   5.44320177325104400000,  46.60000,  39.59492783333334000000, -104.86490711111111000000
   516,   5.45646095313706000000,  47.20000,  39.59493655555555600000, -104.86465894444444000000
   517,   5.46986837107559400000,  47.20000,  39.59493972222222000000, -104.86440777777777000000
   518,   5.48329224360954300000,  46.60000,  39.59494986111111000000, -104.86415661111110000000
   519,   5.49594719486074400000,  46.60000,  39.59495711111111400000, -104.86391969444443000000
   520,   5.50935532562344500000,  46.00000,  39.59495336111111600000, -104.86366852777778000000
   521,   5.52216104258237900000,  46.60000,  39.59495505555556000000, -104.86342861111110000000
   522,   5.53572777580837450000,  47.20000,  39.59495269444444400000, -104.86317444444444000000
   523,   5.54853349289004700000,  47.20000,  39.59495438888889400000, -104.86293452777777000000
   524,   5.56194162417737400000,  47.20000,  39.59495063888889000000, -104.86268336111111000000
   525,   5.57534975618805000000,  48.50000,  39.59494688888889000000, -104.86243219444444000000
   526,   5.58951462305115700000,  49.70000,  39.59494597222223000000, -104.86216680555555000000
   527,   5.60352159275170200000,  51.00000,  39.59494369444444600000, -104.86190438888889000000
   528,   5.61829329141294500000,  51.00000,  39.59493733333333400000, -104.86162775000000000000
   529,   5.63230303646352500000,  51.00000,  39.59494197222222000000, -104.86136533333332000000
   530,   5.64707621743192800000,  51.60000,  39.59493561111111000000, -104.86108866666666000000
   531,   5.66168138233728300000,  52.20000,  39.59493480555556000000, -104.86081502777778000000
   532,   5.67644809430487000000,  52.20000,  39.59493536111111000000, -104.86053836111111000000
   533,   5.69121979473448000000,  52.80000,  39.59492900000000000000, -104.86026172222222000000
   534,   5.70598650793471400000,  52.80000,  39.59492955555556000000, -104.85998505555555000000
   535,   5.72075174352158500000,  52.80000,  39.59493013888889000000, -104.85970841666666000000
   536,   5.73611801245846700000,  53.40000,  39.59493216666666600000, -104.85942052777777000000
   537,   5.75089373674411700000,  54.10000,  39.59493966666667000000, -104.85914386111111000000
   538,   5.76582297774552500000,  54.10000,  39.59493469444445000000, -104.85886422222222000000
   539,   5.78134912502213300000,  54.10000,  39.59493119444445000000, -104.85857336111111000000
   540,   5.79627502853445400000,  54.70000,  39.59493313888889000000, -104.85829372222221000000
   541,   5.81196009493732300000,  54.70000,  39.59493102777778000000, -104.85799986111111000000
   542,   5.82748772545062500000,  55.30000,  39.59492752777778000000, -104.85770897222221000000
   543,   5.84301526763541100000,  55.30000,  39.59493094444445000000, -104.85741808333333000000
   544,   5.85854280905754600000,  55.90000,  39.59493436111111500000, -104.85712719444444000000
   545,   5.87422787518615700000,  55.90000,  39.59493225000000000000, -104.85683333333333000000
   546,   5.88975541631689500000,  54.70000,  39.59493566666667000000, -104.85654244444444000000
   547,   5.90468131886950700000,  53.40000,  39.59493761111111000000, -104.85626280555555000000
   548,   5.91960907810724900000,  51.60000,  39.59493263888889000000, -104.85598319444443000000
   549,   5.93393396404559800000,  50.30000,  39.59493311111111000000, -104.85571480555555000000
   550,   5.94750072469796100000,  48.50000,  39.59493072222222000000, -104.85546063888889000000
   551,   5.96106864194161550000,  47.20000,  39.59493527777778000000, -104.85520650000000000000
   552,   5.97403520338152600000,  46.00000,  39.59493141666667000000, -104.85496361111110000000
   553,   5.98684092437999600000,  46.60000,  39.59493311111111000000, -104.85472369444444000000
   554,   5.99980896850841100000,  44.70000,  39.59492925000000000000, -104.85448077777777000000
   555,   6.01201371442819400000,  42.90000,  39.59492947222222600000, -104.85425211111111000000
   556,   6.02361831955329600000,  41.00000,  39.59492822222222000000, -104.85403469444444000000
   557,   6.03462375539415950000,  39.80000,  39.59492550000000000000, -104.85382852777778000000
   558,   6.04562919166703900000,  39.80000,  39.59492277777778000000, -104.85362236111110000000
   559,   6.05647466657743000000,  39.10000,  39.59492561111111500000, -104.85341919444444000000
   560,   6.06792411771167900000,  39.80000,  39.59492988888889000000, -104.85320474999999000000
   561,   6.07892955328890000000,  41.60000,  39.59492716666667000000, -104.85299858333333000000
   562,   6.09113429957563500000,  42.90000,  39.59492738888889000000, -104.85276991666666000000
   563,   6.10258226831245750000,  42.90000,  39.59493166666667000000, -104.85255550000000000000
   564,   6.11479581262113300000,  42.30000,  39.59492494444444000000, -104.85232683333332000000
   565,   6.12624526386370150000,  41.60000,  39.59492922222223000000, -104.85211238888888000000
   566,   6.13829647306915050000,  41.60000,  39.59493500000000000000, -104.85188672222222000000
   567,   6.14974359754539100000,  41.00000,  39.59493233333333000000, -104.85167227777777000000
   568,   6.16058907096617000000,  40.40000,  39.59493516666666600000, -104.85146911111110000000
   569,   6.17219367513980400000,  40.40000,  39.59493391666667000000, -104.85125169444444000000
   570,   6.18364079979430200000,  39.80000,  39.59493125000000000000, -104.85103724999999000000
   571,   6.19448775573935700000,  39.10000,  39.59493408333333500000, -104.85083405555555000000
   572,   6.20533319452011900000,  38.50000,  39.59493688888889000000, -104.85063088888889000000
   573,   6.21618209671808850000,  37.30000,  39.59493277777778000000, -104.85042769444443000000
   574,   6.22642576994125400000,  36.00000,  39.59493411111111500000, -104.85023577777777000000
   575,   6.23591052633473800000,  31.70000,  39.59493258333334000000, -104.85005808333332000000
   576,   6.24435654553384500000,  28.00000,  39.59492952777778000000, -104.84989988888888000000
   577,   6.25143895692517300000,  25.50000,  39.59492905555556000000, -104.84976719444444000000
   578,   6.25837153177076200000,  23.60000,  39.59493413888889000000, -104.84963747222221000000
   579,   6.26485476715436100000,  23.00000,  39.59493222222222600000, -104.84951602777777000000
   580,   6.27118292237806300000,  23.00000,  39.59493583333334000000, -104.84939755555556000000
   581,   6.27706908130268800000,  20.50000,  39.59493241666666600000, -104.84928736111111000000
   582,   6.28219163889074400000,  17.40000,  39.59493308333334000000, -104.84919138888888000000
   583,   6.28671385909380900000,  16.20000,  39.59493230555556000000, -104.84910666666666000000
   584,   6.29048198312639400000,  14.30000,  39.59493558333334000000, -104.84903619444444000000
   585,   6.29440658285943500000,  11.20000,  39.59493330555556000000, -104.84896272222221000000
