45232
    38,   0.04600310042257073400,  14.30000,  39.67851355555555400000, -104.91599916666667000000
    39,   0.04977137497206959000,  12.40000,  39.67851688888888600000, -104.91592861111111000000
    40,   0.05295229044133540500,   9.30000,  39.67851180555555000000, -104.91586930555556000000
    41,   0.05512211258198331000,   7.50000,  39.67850513888889000000, -104.91582952777779000000
    42,   0.05715994751234370500,   6.20000,  39.67849708333333000000, -104.91579275000001000000
    43,   0.05919778266170274600,   8.10000,  39.67848902777777000000, -104.91575597222223000000
    44,   0.06236191394099975500,  11.80000,  39.67849088888889000000, -104.91569666666668000000
    45,   0.06628616479791410000,  16.20000,  39.67848863888888600000, -104.91562311111112000000
    46,   0.07083937813978153000,  19.30000,  39.67848097222222000000, -104.91553827777778000000
    47,   0.07656322340531456000,  20.50000,  39.67848316666666600000, -104.91543094444445000000
    48,   0.08244948738472234000,  20.50000,  39.67847983333333400000, -104.91532061111111000000
    49,   0.08833730648921488000,  19.90000,  39.67847647222222000000, -104.91521025000000000000
    50,   0.09406115212521206000,  19.90000,  39.67847866666666000000, -104.91510291666667000000
    51,   0.09994741648600698000,  20.50000,  39.67847533333333000000, -104.91499258333334000000
    52,   0.10568000554015451000,  20.50000,  39.67847061111111000000, -104.91488522222222000000
    53,   0.11140385165961912000,  19.90000,  39.67847280555555000000, -104.91477788888889000000
    54,   0.11654376482324864000,  18.60000,  39.67846661111111000000, -104.91468180555556000000
    55,   0.12226761127265279000,  19.30000,  39.67846880555555000000, -104.91457447222223000000
    56,   0.12819196835907962000,  21.70000,  39.67845852777778000000, -104.91446413888889000000
    57,   0.13490807331132370000,  24.90000,  39.67844419444444500000, -104.91433952777778000000
    58,   0.14205868717605927000,  26.70000,  39.67842994444444000000, -104.91420666666667000000
    59,   0.15050483146005540000,  28.60000,  39.67842694444444000000, -104.91404827777778000000
    60,   0.15819780425725682000,  28.00000,  39.67842111111110600000, -104.91390416666667000000
    61,   0.16648694761429111000,  28.60000,  39.67841675000000000000, -104.91374877777778000000
    62,   0.17477250489336796000,  28.00000,  39.67841930555555000000, -104.91359338888890000000
    63,   0.18245530807574872000,  27.30000,  39.67842038888889000000, -104.91344927777779000000
    64,   0.19014976038074740000,  24.90000,  39.67841455555555500000, -104.91330513888890000000
    65,   0.19663253575292378000,  21.70000,  39.67841269444444000000, -104.91318355555556000000
    66,   0.20235786694156888000,  17.40000,  39.67841488888889000000, -104.91307619444446000000
    67,   0.20612614683341132000,  11.80000,  39.67841822222222000000, -104.91300563888889000000
    68,   0.20872643912688602000,   6.20000,  39.67841163888889000000, -104.91295761111111000000
    69,   0.20994475583236230000,   3.70000,  39.67841461111111000000, -104.91293508333334000000
    70,   0.21139723084273127000,   4.30000,  39.67839666666666400000, -104.91292083333335000000
    71,   0.21332529303190984000,   7.50000,  39.67838297222222000000, -104.91288930555557000000
    72,   0.21561638314250728000,   9.90000,  39.67835255555555600000, -104.91287205555557000000
    73,   0.21873974663050110000,  11.80000,  39.67831100000000000000, -104.91284880555556000000
    74,   0.22337871533102696000,  14.30000,  39.67824425000000000000, -104.91285930555556000000
    75,   0.22826952572189887000,  18.00000,  39.67817341666667000000, -104.91285558333334000000
    76,   0.23375168153399473000,  21.70000,  39.67809416666667000000, -104.91286311111112000000
    77,   0.24008418861777042000,  24.90000,  39.67800244444444500000, -104.91286763888890000000
    78,   0.24825505230415340000,  28.60000,  39.67788425000000000000, -104.91287741666667000000
    79,   0.25690226688275140000,  31.70000,  39.67775913888889000000, -104.91288722222222000000
    80,   0.26581856379945780000,  33.60000,  39.67762994444444000000, -104.91288275000001000000
    81,   0.27617478160889386000,  34.80000,  39.67747986111111000000, -104.91288655555556000000
    82,   0.28605388489500433000,  36.00000,  39.67733669444444000000, -104.91289033333334000000
    83,   0.29593110226295130000,  35.40000,  39.67719355555555400000, -104.91289413888889000000
    84,   0.30628729041362956000,  34.80000,  39.67704347222222000000, -104.91289791666667000000
    85,   0.31616642328007800000,  35.40000,  39.67690030555555600000, -104.91290172222223000000
    86,   0.32604360962541357000,  35.40000,  39.67675716666666000000, -104.91290550000001000000
    87,   0.33639982592415796000,  36.00000,  39.67660708333333000000, -104.91290930555556000000
    88,   0.34627892777309505000,  36.00000,  39.67646391666666000000, -104.91291308333334000000
    89,   0.35663514356507960000,  35.40000,  39.67631383333333000000, -104.91291688888890000000
    90,   0.36641682168224940000,  34.80000,  39.67617216666667000000, -104.91290941666668000000
    91,   0.37629592281532626000,  34.20000,  39.67602900000000000000, -104.91291319444446000000
    92,   0.38531789546579553000,  33.60000,  39.67589833333333000000, -104.91292000000000000000
    93,   0.39471120755780310000,  32.90000,  39.67576222222222000000, -104.91291552777778000000
    94,   0.40401612121137170000,  32.90000,  39.67562747222222000000, -104.91290805555556000000
    95,   0.41341626174365953000,  36.00000,  39.67549125000000000000, -104.91291186111111000000
    96,   0.42377244694820080000,  37.90000,  39.67534116666666000000, -104.91291563888889000000
    97,   0.43463246940058080000,  39.10000,  39.67518402777777500000, -104.91292769444445000000
    98,   0.44623101918052765000,  40.40000,  39.67501591666666600000, -104.91292550000000000000
    99,   0.45744769471479524000,  41.60000,  39.67485333333333000000, -104.91292627777779000000
   100,   0.46991110372959505000,  42.90000,  39.67467272222222000000, -104.91292108333334000000
   101,   0.48198872519575390000,  44.10000,  39.67449766666667000000, -104.91291888888890000000
   102,   0.49455477258467995000,  44.70000,  39.67431558333333000000, -104.91292494444446000000
   103,   0.50701821348300470000,  44.70000,  39.67413497222222000000, -104.91291972222223000000
   104,   0.51920640066572820000,  44.70000,  39.67395844444444500000, -104.91292877777778000000
   105,   0.53214878998051650000,  44.70000,  39.67377088888889000000, -104.91292358333334000000
   106,   0.54461219676225500000,  45.40000,  39.67359027777778000000, -104.91291838888890000000
   107,   0.55765718597659050000,  44.70000,  39.67340125000000000000, -104.91292444444446000000
   108,   0.56973481924705050000,  44.10000,  39.67322619444444000000, -104.91292222222222000000
   109,   0.58267529104194400000,  44.10000,  39.67303866666666000000, -104.91291702777778000000
   110,   0.59486347622319970000,  43.50000,  39.67286213888889000000, -104.91292608333333000000
   111,   0.60694110837898220000,  43.50000,  39.67268708333333000000, -104.91292386111111000000
   112,   0.61854156948585700000,  42.90000,  39.67251894444444000000, -104.91292166666668000000
   113,   0.63072975371768920000,  42.90000,  39.67234241666666600000, -104.91293072222223000000
   114,   0.64319315755326430000,  42.90000,  39.67216180555555400000, -104.91292552777779000000
   115,   0.65527078826016980000,  42.90000,  39.67198674999999500000, -104.91292330555557000000
   116,   0.66687124797579130000,  42.30000,  39.67181861111111000000, -104.91292111111112000000
   117,   0.67894887797210110000,  42.30000,  39.67164355555555500000, -104.91291888888890000000
   118,   0.69065835614169120000,  42.30000,  39.67147397222222000000, -104.91292794444445000000
   119,   0.70273597098830910000,  42.30000,  39.67129891666666500000, -104.91292575000000000000
   120,   0.71433642933793200000,  41.60000,  39.67113077777777600000, -104.91292355555557000000
   121,   0.72593498610218420000,  41.60000,  39.67096266666666000000, -104.91292133333334000000
   122,   0.73764637784646110000,  41.60000,  39.67079305555555600000, -104.91293038888890000000
   123,   0.74924683519222800000,  41.60000,  39.67062491666666000000, -104.91292819444445000000
   124,   0.76094067849095230000,  41.00000,  39.67045541666666000000, -104.91292897222223000000
   125,   0.77206206482415110000,  41.00000,  39.67029422222222000000, -104.91292677777778000000
   126,   0.78377345541088660000,  41.00000,  39.67012461111110600000, -104.91293583333334000000
   127,   0.79529225347310880000,  41.00000,  39.66995797222222000000, -104.91292236111111000000
   128,   0.80700364347746720000,  40.40000,  39.66978836111111000000, -104.91293141666667000000
   129,   0.81812502854141310000,  39.80000,  39.66962716666666500000, -104.91292922222223000000
   130,   0.82924642897780270000,  39.80000,  39.66946597222222000000, -104.91292700000001000000
   131,   0.84046118297728060000,  39.10000,  39.66930341666666500000, -104.91292780555555000000
   132,   0.85119875521470630000,  38.50000,  39.66914777777777000000, -104.91292858333334000000
   133,   0.86193633298481200000,  37.90000,  39.66899213888889000000, -104.91292938888890000000
   134,   0.87229253584647650000,  37.30000,  39.66884205555555000000, -104.91293319444445000000
   135,   0.88264870953774930000,  36.00000,  39.66869197222222000000, -104.91293697222223000000
   136,   0.89252782866267520000,  35.40000,  39.66854880555555000000, -104.91294077777778000000
   137,   0.90240500126129630000,  33.60000,  39.66840566666666500000, -104.91294455555555000000
   138,   0.91105211663961270000,  30.40000,  39.66828055555555500000, -104.91295433333335000000
   139,   0.91910512353162340000,  27.30000,  39.66816383333333000000, -104.91295288888890000000
   140,   0.92581678871376080000,  23.60000,  39.66806655555555500000, -104.91295441666668000000
   141,   0.93215120116673390000,  19.30000,  39.66797480555555000000, -104.91295894444445000000
   142,   0.93665487699800660000,  14.90000,  39.66790952777777000000, -104.91295819444446000000
   143,   0.94020230951864960000,  10.60000,  39.66785811111111000000, -104.91295747222223000000
   144,   0.94252274602215840000,   7.50000,  39.66782472222222000000, -104.91296272222223000000
   145,   0.94402950040499500000,   5.00000,  39.66780383333333000000, -104.91297097222223000000
   146,   0.94490469665518670000,   2.50000,  39.66779136111111000000, -104.91296797222223000000
   147,   0.94590049797389350000,   0.00000,  39.66779808333333000000, -104.91298450000001000000
   148,   0.94590049797389350000,   0.00000,  39.66779808333333000000, -104.91298450000001000000
   149,   0.94590049797389350000,   0.00000,  39.66779808333333000000, -104.91298450000001000000
   150,   0.94590049797389350000,   0.00000,  39.66779808333333000000, -104.91298450000001000000
   151,   0.94590049797389350000,   0.00000,  39.66779808333333000000, -104.91298450000001000000
   152,   0.94590049797389350000,   0.00000,  39.66779808333333000000, -104.91298450000001000000
   153,   0.94590049797389350000,   0.00000,  39.66779808333333000000, -104.91298450000001000000
   154,   0.94590049797389350000,   0.00000,  39.66779808333333000000, -104.91298450000001000000
   155,   0.94590049797389350000,   0.00000,  39.66779808333333000000, -104.91298450000001000000
   156,   0.94590049797389350000,   0.00000,  39.66779808333333000000, -104.91298450000001000000
   157,   0.94590049797389350000,   0.00000,  39.66779808333333000000, -104.91298450000001000000
   158,   0.94590049797389350000,   0.00000,  39.66779808333333000000, -104.91298450000001000000
   159,   0.94590049797389350000,   0.00000,  39.66779808333333000000, -104.91298450000001000000
   160,   0.94590049797389350000,   0.00000,  39.66779808333333000000, -104.91298450000001000000
   161,   0.94590049797389350000,   0.00000,  39.66779808333333000000, -104.91298450000001000000
   162,   0.94590049797389350000,   0.00000,  39.66779808333333000000, -104.91298450000001000000
   163,   0.94590049797389350000,   0.00000,  39.66779808333333000000, -104.91298450000001000000
   164,   0.94590049797389350000,   0.00000,  39.66779808333333000000, -104.91298450000001000000
   165,   0.94590049797389350000,   0.00000,  39.66779808333333000000, -104.91298450000001000000
   166,   0.94590049797389350000,   0.00000,  39.66779808333333000000, -104.91298450000001000000
   167,   0.94590049797389350000,   0.00000,  39.66779808333333000000, -104.91298450000001000000
   168,   0.94590049797389350000,   0.00000,  39.66779808333333000000, -104.91298450000001000000
   169,   0.94590049797389350000,   0.00000,  39.66779808333333000000, -104.91298450000001000000
   170,   0.94590049797389350000,   0.00000,  39.66779808333333000000, -104.91298450000001000000
   171,   0.94590049797389350000,   0.00000,  39.66779808333333000000, -104.91298450000001000000
   172,   0.94590049797389350000,   0.00000,  39.66779808333333000000, -104.91298450000001000000
   173,   0.94590049797389350000,   0.00000,  39.66779808333333000000, -104.91298450000001000000
   174,   0.94590049797389350000,   0.00000,  39.66779808333333000000, -104.91298450000001000000
   175,   0.94590049797389350000,   5.60000,  39.66779808333333000000, -104.91298450000001000000
   176,   0.94852985504407940000,  11.20000,  39.66776061111110600000, -104.91297550000000000000
   177,   0.95255444185602980000,  16.20000,  39.66770227777778000000, -104.91297477777778000000
   178,   0.95744524458150400000,  20.50000,  39.66763144444444000000, -104.91297105555556000000
   179,   0.96415882539562510000,  24.20000,  39.66753413888889000000, -104.91297258333334000000
   180,   0.97134955244399070000,  27.30000,  39.66742991666666000000, -104.91297411111111000000
   181,   0.97978691998481670000,  30.40000,  39.66730766666666600000, -104.91296963888890000000
   182,   0.98870320177929860000,  32.90000,  39.66717847222222000000, -104.91296516666667000000
   183,   0.99858037212229020000,  34.20000,  39.66703533333333000000, -104.91296894444444000000
   184,   1.00836389135423190000,  35.40000,  39.66689363888889000000, -104.91296150000001000000
   185,   1.01872006167205220000,  36.70000,  39.66674355555555600000, -104.91296527777779000000
   186,   1.02945763499045720000,  37.90000,  39.66658791666666400000, -104.91296608333334000000
   187,   1.04019520219831100000,  39.10000,  39.66643227777778000000, -104.91296686111112000000
   188,   1.05140995032946340000,  39.80000,  39.66626972222222000000, -104.91296766666667000000
   189,   1.06301041372344370000,  41.00000,  39.66610158333333000000, -104.91296544444445000000
   190,   1.07460894546603040000,  41.60000,  39.66593347222222000000, -104.91296325000000000000
   191,   1.08668654884721660000,  41.60000,  39.66575841666666000000, -104.91296105555556000000
   192,   1.09828701122589560000,  41.60000,  39.66559027777777400000, -104.91295883333333000000
   193,   1.10998084971355150000,  41.60000,  39.66542077777777600000, -104.91295963888889000000
   194,   1.12169031710696120000,  41.60000,  39.66525119444444400000, -104.91296869444444000000
   195,   1.13329077847848400000,  41.00000,  39.66508305555555600000, -104.91296647222222000000
   196,   1.14488930819914960000,  41.00000,  39.66491494444444000000, -104.91296427777779000000
   197,   1.15610596418811840000,  40.40000,  39.66475236111111000000, -104.91296505555556000000
   198,   1.16770449325146200000,  39.80000,  39.66458425000000000000, -104.91296286111111000000
   199,   1.17904087896546580000,  39.80000,  39.66442019444444600000, -104.91297491666667000000
   200,   1.19025753399780830000,  39.80000,  39.66425761111111000000, -104.91297569444446000000
   201,   1.20147227792264880000,  40.40000,  39.66409505555555600000, -104.91297650000000000000
   202,   1.21307272196440400000,  41.00000,  39.66392691666667000000, -104.91297430555557000000
   203,   1.22476655175165840000,  41.60000,  39.66375741666666000000, -104.91297508333334000000
   204,   1.23647793101420070000,  42.30000,  39.66358780555555000000, -104.91298413888889000000
   205,   1.24855552954241760000,  42.30000,  39.66341275000000000000, -104.91298194444445000000
   206,   1.26036835562321970000,  42.30000,  39.66324177777778000000, -104.91299400000001000000
   207,   1.27196689672367440000,  42.30000,  39.66307366666666000000, -104.91299177777779000000
   208,   1.28404449418735080000,  42.30000,  39.66289861111111000000, -104.91298958333334000000
   209,   1.29574023826806340000,  42.30000,  39.66272908333333000000, -104.91299036111111000000
   210,   1.30792840462487000000,  42.30000,  39.66255255555556000000, -104.91299941666668000000
   211,   1.32000600101027230000,  42.90000,  39.66237750000000000000, -104.91299722222223000000
   212,   1.33246938429132130000,  43.50000,  39.66219688888888600000, -104.91299202777779000000
   213,   1.34454699438109900000,  43.50000,  39.66202183333333400000, -104.91298980555555000000
   214,   1.35662458966895700000,  42.90000,  39.66184677777777500000, -104.91298761111112000000
   215,   1.36853665639887120000,  41.60000,  39.66167458333333000000, -104.91297113888889000000
   216,   1.37975331169284930000,  41.00000,  39.66151200000000000000, -104.91297194444445000000
   217,   1.39135184935943060000,  41.00000,  39.66134388888889000000, -104.91296972222223000000
   218,   1.40256850401340640000,  41.00000,  39.66118130555555000000, -104.91297052777779000000
   219,   1.41416702598520970000,  41.00000,  39.66101319444444000000, -104.91296833333334000000
   220,   1.42538367442565780000,  41.00000,  39.66085061111111000000, -104.91296911111111000000
   221,   1.43746126728935080000,  41.00000,  39.66067555555556000000, -104.91296691666668000000
   222,   1.44905980329481740000,  41.60000,  39.66050744444444000000, -104.91296469444445000000
   223,   1.46065832392849940000,  41.60000,  39.66033933333333000000, -104.91296250000000000000
   224,   1.47235406819150200000,  42.30000,  39.66016980555555400000, -104.91296330555556000000
   225,   1.48406346550347720000,  42.30000,  39.66000022222222000000, -104.91297233333334000000
   226,   1.49614105660717560000,  42.30000,  39.65982516666666400000, -104.91297013888890000000
   227,   1.50821864734921430000,  41.60000,  39.65965011111111000000, -104.91296794444445000000
   228,   1.51943529315212800000,  41.00000,  39.65948752777778000000, -104.91296872222223000000
   229,   1.53103381176104900000,  41.00000,  39.65931941666666000000, -104.91296652777778000000
   230,   1.54263426135388530000,  40.40000,  39.65915127777777400000, -104.91296430555556000000
   231,   1.55337182061157850000,  39.10000,  39.65899563888889000000, -104.91296511111112000000
   232,   1.56458655435848160000,  38.50000,  39.65883308333333400000, -104.91296591666668000000
   233,   1.57532410720444480000,  37.90000,  39.65867744444444000000, -104.91296669444445000000
   234,   1.58606166558574910000,  37.90000,  39.65852180555555000000, -104.91296750000001000000
   235,   1.59632204318776780000,  37.90000,  39.65837308333333000000, -104.91296827777778000000
   236,   1.60667822767254980000,  37.90000,  39.65822300000000000000, -104.91297208333334000000
   237,   1.61741577938886550000,  37.30000,  39.65806736111111000000, -104.91297286111111000000
   238,   1.62815333664018410000,  37.90000,  39.65791172222222400000, -104.91297366666667000000
   239,   1.63889088777992860000,  38.50000,  39.65775608333333000000, -104.91297444444444000000
   240,   1.64924707119722650000,  39.10000,  39.65760600000000000000, -104.91297825000001000000
   241,   1.66046179667929850000,  39.80000,  39.65744344444444600000, -104.91297902777778000000
   242,   1.67167844378848220000,  39.10000,  39.65728086111111000000, -104.91297983333334000000
   243,   1.68241599958362850000,  38.50000,  39.65712522222222000000, -104.91298063888890000000
   244,   1.69363264050095670000,  38.50000,  39.65696263888888500000, -104.91298141666667000000
   245,   1.70437019570718950000,  38.50000,  39.65680700000000000000, -104.91298222222223000000
   246,   1.71510582843632000000,  39.10000,  39.65665138888889000000, -104.91298300000001000000
   247,   1.72632247401238600000,  38.50000,  39.65648880555555400000, -104.91298380555556000000
   248,   1.73658283882651140000,  38.50000,  39.65634019444445000000, -104.91297633333333000000
   249,   1.74732039288000360000,  38.50000,  39.65618455555555500000, -104.91297713888889000000
   250,   1.75805794082097530000,  38.50000,  39.65602891666666000000, -104.91297791666668000000
   251,   1.76879549429707580000,  37.90000,  39.65587327777778000000, -104.91297872222223000000
   252,   1.77915164553547700000,  37.30000,  39.65572319444444000000, -104.91298250000001000000
   253,   1.78988919844638580000,  37.30000,  39.65556755555556000000, -104.91298330555556000000
   254,   1.80062674524511210000,  37.90000,  39.65541191666666500000, -104.91298408333334000000
   255,   1.81088710839264230000,  37.90000,  39.65526330555556000000, -104.91297661111112000000
   256,   1.82162466045178120000,  37.30000,  39.65510766666666600000, -104.91297741666668000000
   257,   1.83198081036441480000,  37.30000,  39.65495758333333500000, -104.91298119444446000000
   258,   1.84271836185770700000,  37.30000,  39.65480194444444000000, -104.91298200000000000000
   259,   1.85259551183076100000,  36.00000,  39.65465880555555600000, -104.91298577777778000000
   260,   1.86285581639345100000,  35.40000,  39.65451019444444000000, -104.91297833333334000000
   261,   1.87273488186620970000,  34.80000,  39.65436702777777400000, -104.91298211111112000000
   262,   1.88251652810376520000,  33.60000,  39.65422536111111000000, -104.91297463888890000000
   263,   1.89153847142428690000,  32.30000,  39.65409469444444600000, -104.91298144444445000000
   264,   1.90045473410261740000,  30.40000,  39.65396550000000000000, -104.91297697222222000000
   265,   1.90850581925854020000,  27.30000,  39.65384880555555500000, -104.91297550000000000000
   266,   1.91569652949636420000,  24.90000,  39.65374458333333500000, -104.91297702777779000000
   267,   1.92155221049399840000,  21.70000,  39.65365977777777600000, -104.91298155555556000000
   268,   1.92740789141668860000,  19.30000,  39.65357497222222000000, -104.91298608333334000000
   269,   1.93229868386986010000,  16.20000,  39.65350413888888400000, -104.91298236111112000000
   270,   1.93632519158135900000,  13.00000,  39.65344577777777600000, -104.91298161111112000000
   271,   1.93949146163922780000,  10.60000,  39.65339991666666500000, -104.91298388888889000000
   272,   1.94180999710566220000,   8.70000,  39.65336655555556000000, -104.91298913888889000000
   273,   1.94413043494053840000,   6.80000,  39.65333316666666000000, -104.91299438888889000000
   274,   1.94500751933167670000,   4.30000,  39.65332066666666600000, -104.91299138888890000000
   275,   1.94548469730858640000,   0.00000,  39.65331374999999500000, -104.91299138888890000000
   276,   1.94548469730858640000,   0.00000,  39.65331374999999500000, -104.91299138888890000000
   277,   1.94548469730858640000,   0.00000,  39.65331374999999500000, -104.91299138888890000000
   278,   1.94548469730858640000,   0.00000,  39.65331374999999500000, -104.91299138888890000000
   279,   1.94548469730858640000,   0.00000,  39.65331374999999500000, -104.91299138888890000000
   280,   1.94548469730858640000,   0.00000,  39.65331374999999500000, -104.91299138888890000000
   281,   1.94548469730858640000,   0.00000,  39.65331374999999500000, -104.91299138888890000000
   282,   1.94548469730858640000,   0.00000,  39.65331374999999500000, -104.91299138888890000000
   283,   1.94548469730858640000,   0.00000,  39.65331374999999500000, -104.91299138888890000000
   284,   1.94548469730858640000,   0.00000,  39.65331374999999500000, -104.91299138888890000000
   285,   1.94548469730858640000,   0.00000,  39.65331374999999500000, -104.91299138888890000000
   286,   1.94548469730858640000,   0.00000,  39.65331374999999500000, -104.91299138888890000000
   287,   1.94548469730858640000,   0.00000,  39.65331374999999500000, -104.91299138888890000000
   288,   1.94548469730858640000,   0.00000,  39.65331374999999500000, -104.91299138888890000000
   289,   1.94548469730858640000,   0.00000,  39.65331374999999500000, -104.91299138888890000000
   290,   1.94548469730858640000,   0.00000,  39.65331374999999500000, -104.91299138888890000000
   291,   1.94548469730858640000,   0.00000,  39.65331374999999500000, -104.91299138888890000000
   292,   1.94548469730858640000,   0.00000,  39.65331374999999500000, -104.91299138888890000000
   293,   1.94548469730858640000,   0.00000,  39.65331374999999500000, -104.91299138888890000000
   294,   1.94548469730858640000,   0.00000,  39.65331374999999500000, -104.91299138888890000000
   295,   1.94548469730858640000,   0.00000,  39.65331374999999500000, -104.91299138888890000000
   296,   1.94548469730858640000,   0.00000,  39.65331374999999500000, -104.91299138888890000000
   297,   1.94548469730858640000,   0.00000,  39.65331374999999500000, -104.91299138888890000000
   298,   1.94548469730858640000,   0.00000,  39.65331374999999500000, -104.91299138888890000000
   299,   1.94548469730858640000,   0.00000,  39.65331374999999500000, -104.91299138888890000000
   300,   1.94548469730858640000,   0.00000,  39.65331374999999500000, -104.91299138888890000000
   301,   1.94548469730858640000,   0.00000,  39.65331374999999500000, -104.91299138888890000000
   302,   1.94548469730858640000,   0.00000,  39.65331374999999500000, -104.91299138888890000000
   303,   1.94548469730858640000,   0.00000,  39.65331374999999500000, -104.91299138888890000000
   304,   1.94548469730858640000,   0.00000,  39.65331374999999500000, -104.91299138888890000000
   305,   1.94548469730858640000,   0.00000,  39.65331374999999500000, -104.91299138888890000000
   306,   1.94548469730858640000,   0.00000,  39.65331374999999500000, -104.91299138888890000000
   307,   1.94548469730858640000,   0.00000,  39.65331374999999500000, -104.91299138888890000000
   308,   1.94548469730858640000,   0.00000,  39.65331374999999500000, -104.91299138888890000000
   309,   1.94548469730858640000,   0.00000,  39.65331374999999500000, -104.91299138888890000000
   310,   1.94548469730858640000,   0.00000,  39.65331374999999500000, -104.91299138888890000000
   311,   1.94548469730858640000,   0.00000,  39.65331374999999500000, -104.91299138888890000000
   312,   1.94548469730858640000,   0.00000,  39.65331374999999500000, -104.91299138888890000000
   313,   1.94548469730858640000,   0.00000,  39.65331374999999500000, -104.91299138888890000000
   314,   1.94548469730858640000,   0.00000,  39.65331374999999500000, -104.91299138888890000000
   315,   1.94548469730858640000,   0.00000,  39.65331374999999500000, -104.91299138888890000000
   316,   1.94548469730858640000,   0.00000,  39.65331374999999500000, -104.91299138888890000000
   317,   1.94548469730858640000,   0.00000,  39.65331374999999500000, -104.91299138888890000000
   318,   1.94548469730858640000,   0.00000,  39.65331374999999500000, -104.91299138888890000000
   319,   1.94548469730858640000,   0.00000,  39.65331374999999500000, -104.91299138888890000000
   320,   1.94548469730858640000,   7.50000,  39.65331374999999500000, -104.91299138888890000000
   321,   1.94865096730261130000,  12.40000,  39.65326788888889000000, -104.91299366666668000000
   322,   1.95267747485225950000,  16.80000,  39.65320952777777600000, -104.91299291666667000000
   323,   1.95804700182427330000,  19.90000,  39.65313175000000000000, -104.91298919444445000000
   324,   1.96390268229077100000,  23.00000,  39.65304694444444000000, -104.91299372222223000000
   325,   1.97109339154369920000,  25.50000,  39.65294272222222000000, -104.91299525000001000000
   326,   1.97878617504161820000,  28.00000,  39.65283147222222000000, -104.91300502777779000000
   327,   1.98731441514013070000,  29.80000,  39.65270786111111000000, -104.91300355555556000000
   328,   1.99585958632285900000,  31.70000,  39.65258411111111000000, -104.91301036111112000000
   329,   2.00488146796484900000,  31.10000,  39.65245344444444000000, -104.91301713888889000000
   330,   2.01390340890204800000,  31.10000,  39.65232277777777600000, -104.91302394444445000000
   331,   2.02292529019195900000,  30.40000,  39.65219211111111000000, -104.91303072222223000000
   332,   2.03157238879291200000,  32.30000,  39.65206699999999500000, -104.91304050000001000000
   333,   2.04059432920978350000,  33.60000,  39.65193633333333000000, -104.91304730555557000000
   334,   2.05047339044635630000,  34.80000,  39.65179316666666400000, -104.91305108333334000000
   335,   2.06082956354459230000,  34.20000,  39.65164308333333000000, -104.91305488888890000000
   336,   2.07033017284742100000,  34.80000,  39.65150547222222000000, -104.91306166666668000000
   337,   2.08020731739550500000,  35.40000,  39.65136233333333000000, -104.91306544444446000000
   338,   2.09008640800884600000,  36.00000,  39.65121916666666400000, -104.91306925000000000000
   339,   2.10044255118894660000,  36.70000,  39.65106908333333000000, -104.91307302777778000000
   340,   2.11118009548211800000,  37.30000,  39.65091344444444000000, -104.91307383333334000000
   341,   2.12201332957124930000,  37.90000,  39.65075644444444000000, -104.91307761111112000000
   342,   2.13275087328488060000,  38.50000,  39.65060080555555500000, -104.91307841666668000000
   343,   2.14396750157959870000,  39.10000,  39.65043822222222000000, -104.91307919444445000000
   344,   2.15518221877388200000,  39.10000,  39.65027566666666600000, -104.91308000000001000000
   345,   2.16553836032109300000,  38.50000,  39.65012558333333500000, -104.91308377777779000000
   346,   2.17675499327230900000,  38.50000,  39.64996300000000000000, -104.91308458333334000000
   347,   2.18749253551761100000,  37.90000,  39.64980736111111000000, -104.91308538888889000000
   348,   2.19784867625374860000,  37.30000,  39.64965727777778000000, -104.91308916666667000000
   349,   2.20858621793211600000,  36.70000,  39.64950163888888600000, -104.91308997222222000000
   350,   2.21894235813915700000,  36.70000,  39.64935155555555500000, -104.91309375000000000000
   351,   2.22882141512105800000,  36.70000,  39.64920838888889000000, -104.91309752777778000000
   352,   2.23955895596805100000,  36.70000,  39.64905275000000000000, -104.91309833333334000000
   353,   2.24991509539886140000,  36.70000,  39.64890266666666500000, -104.91310211111112000000
   354,   2.25979226599362100000,  36.70000,  39.64875952777778000000, -104.91310591666667000000
   355,   2.27052980018516800000,  36.70000,  39.64860388888888600000, -104.91310669444445000000
   356,   2.28088596776450150000,  37.30000,  39.64845380555555500000, -104.91311050000000000000
   357,   2.29162350138928340000,  37.90000,  39.64829816666666000000, -104.91311127777779000000
   358,   2.30236104055116050000,  38.50000,  39.64814252777778000000, -104.91311208333335000000
   359,   2.31321911407531730000,  39.10000,  39.64798541666666400000, -104.91312413888889000000
   360,   2.32395664683249060000,  39.10000,  39.64782977777778000000, -104.91312491666667000000
   361,   2.33481663295678080000,  38.50000,  39.64767263888888500000, -104.91313697222223000000
   362,   2.34555416513471900000,  37.90000,  39.64751700000000000000, -104.91313775000000000000
   363,   2.35628978648990200000,  38.50000,  39.64736138888889000000, -104.91313855555556000000
   364,   2.36702732391760500000,  38.50000,  39.64720575000000000000, -104.91313936111112000000
   365,   2.37776485523039670000,  39.10000,  39.64705011111111000000, -104.91314013888889000000
   366,   2.38898148223320500000,  38.50000,  39.64688752777778000000, -104.91314094444445000000
   367,   2.39963201955001140000,  37.90000,  39.64673336111111000000, -104.91313047222222000000
   368,   2.40980415308919540000,  37.30000,  39.64658613888888500000, -104.91312000000000000000
   369,   2.42038217939978570000,  36.00000,  39.64643494444444400000, -104.91308702777778000000
   370,   2.43011420167299100000,  34.80000,  39.64630055555555500000, -104.91303155555556000000
   371,   2.43994908610792870000,  34.80000,  39.64616766666666000000, -104.91296480555556000000
   372,   2.44968111143583970000,  33.60000,  39.64603327777777500000, -104.91290933333335000000
   373,   2.45893576410054940000,  32.90000,  39.64590297222222400000, -104.91286811111112000000
   374,   2.46816651511339340000,  32.30000,  39.64577119444444000000, -104.91283813888890000000
   375,   2.47708276574983200000,  32.30000,  39.64564200000000000000, -104.91283366666667000000
   376,   2.48599901620060140000,  32.30000,  39.64551280555555500000, -104.91282919444446000000
   377,   2.49502088831890400000,  31.70000,  39.64538213888889000000, -104.91283597222223000000
   378,   2.50402182787584000000,  32.30000,  39.64525408333333400000, -104.91286827777779000000
   379,   2.51325674898564000000,  32.90000,  39.64512452777777400000, -104.91291183333334000000
   380,   2.52272809786826050000,  32.90000,  39.64498952777777400000, -104.91294411111112000000
   381,   2.53150200837877300000,  31.70000,  39.64486688888889000000, -104.91298766666667000000
   382,   2.54052393911239100000,  32.30000,  39.64473622222222000000, -104.91299447222222000000
   383,   2.54954581018475000000,  32.90000,  39.64460555555556000000, -104.91300125000001000000
   384,   2.55879273250370960000,  32.90000,  39.64447230555555000000, -104.91298252777779000000
   385,   2.56804739455750500000,  32.90000,  39.64434200000000000000, -104.91294130555556000000
   386,   2.57788231245765550000,  33.60000,  39.64420911111111000000, -104.91287455555556000000
   387,   2.58744363109120000000,  34.80000,  39.64408322222222000000, -104.91279958333334000000
   388,   2.59783399705824300000,  36.00000,  39.64394625000000000000, -104.91271858333334000000
   389,   2.60865956781893970000,  37.30000,  39.64380236111111000000, -104.91263761111112000000
   390,   2.61863658907936750000,  37.90000,  39.64367091666666500000, -104.91255961111112000000
   391,   2.62904747223572870000,  37.30000,  39.64353258333333000000, -104.91248161111112000000
   392,   2.63945952339930750000,  37.30000,  39.64339422222222000000, -104.91240363888889000000
   393,   2.65003529992200400000,  36.70000,  39.64325733333333000000, -104.91231438888889000000
   394,   2.66044619235651800000,  36.70000,  39.64311900000000000000, -104.91223638888890000000
   395,   2.67085825278991960000,  36.00000,  39.64298063888888600000, -104.91215841666667000000
   396,   2.68042021905655940000,  34.80000,  39.64285475000000000000, -104.91208341666668000000
   397,   2.69039490304999900000,  34.20000,  39.64272333333333600000, -104.91200544444445000000
   398,   2.69952219906188340000,  32.90000,  39.64260441666666400000, -104.91193044444445000000
   399,   2.70849859584251900000,  31.70000,  39.64248399999999600000, -104.91186669444446000000
   400,   2.71719882368431000000,  31.10000,  39.64237200000000000000, -104.91179172222223000000
   401,   2.72576167416108300000,  30.40000,  39.64225711111111400000, -104.91173097222223000000
   402,   2.73403934635202300000,  29.80000,  39.64215205555555600000, -104.91165600000001000000
   403,   2.74213884598851500000,  29.80000,  39.64204550000000000000, -104.91159225000001000000
   404,   2.75083908491856400000,  29.80000,  39.64193350000000000000, -104.91151727777779000000
   405,   2.75895874113203240000,  30.40000,  39.64182558333333600000, -104.91145652777779000000
   406,   2.76767252733595500000,  30.40000,  39.64171219444444500000, -104.91138455555556000000
   407,   2.77637345576638500000,  30.40000,  39.64160019444444000000, -104.91130955555556000000
   408,   2.78449487499885500000,  30.40000,  39.64149225000000000000, -104.91124880555556000000
   409,   2.79278126063059730000,  30.40000,  39.64138580555556000000, -104.91117683333334000000
   410,   2.80191031126286400000,  31.10000,  39.64126686111111000000, -104.91110183333333000000
   411,   2.81040519539048900000,  30.40000,  39.64116188888889000000, -104.91101858333334000000
   412,   2.81902679524848040000,  29.80000,  39.64106541666666000000, -104.91091583333333000000
   413,   2.82693221334008540000,  29.80000,  39.64098283333333000000, -104.91081308333334000000
   414,   2.83552740062426400000,  28.60000,  39.64089477777777400000, -104.91069908333334000000
   415,   2.84317870236619670000,  28.00000,  39.64083316666667000000, -104.91057980555556000000
   416,   2.85104881191682540000,  27.30000,  39.64077997222222000000, -104.91044927777779000000
   417,   2.85840823686336740000,  26.10000,  39.64073925000000000000, -104.91032175000001000000
   418,   2.86613808130405500000,  25.50000,  39.64070697222222000000, -104.91018297222223000000
   419,   2.87294085249231430000,  24.90000,  39.64068566666666000000, -104.91005844444445000000
   420,   2.88009234890812940000,  25.50000,  39.64067141666666000000, -104.90992563888890000000
   421,   2.88719251802359800000,  25.50000,  39.64066408333333400000, -104.90979286111111000000
   422,   2.89473008909534760000,  27.30000,  39.64067072222222500000, -104.90965180555555000000
   423,   2.90301788454384700000,  29.80000,  39.64066633333333600000, -104.90949652777779000000
   424,   2.91190609019157560000,  31.10000,  39.64067038888888600000, -104.90932997222222000000
   425,   2.92063177493200770000,  32.30000,  39.64067302777778000000, -104.90916641666668000000
   426,   2.93028763553191700000,  32.90000,  39.64066605555555600000, -104.90898561111112000000
   427,   2.93978890344093200000,  34.80000,  39.64065772222222000000, -104.90880780555555000000
   428,   2.95003985948561280000,  36.00000,  39.64065222222222000000, -104.90861575000001000000
   429,   2.96072583388488340000,  36.70000,  39.64065375000000000000, -104.90841541666667000000
   430,   2.97097671975829150000,  37.30000,  39.64064827777778000000, -104.90822336111111000000
   431,   2.98122113639097200000,  37.30000,  39.64064972222222000000, -104.90803130555557000000
   432,   2.99206868493890100000,  37.90000,  39.64064569444444400000, -104.90782800000001000000
   433,   3.00291454066899800000,  37.90000,  39.64064861111111000000, -104.90762469444445000000
   434,   3.01376204046698160000,  37.30000,  39.64064461111111400000, -104.90742138888889000000
   435,   3.02402219998416900000,  36.70000,  39.64065297222222000000, -104.90722933333333000000
   436,   3.03426809747593600000,  35.40000,  39.64065441666666000000, -104.90703725000000000000
   437,   3.04392248087545700000,  34.20000,  39.64064744444445000000, -104.90685647222223000000
   438,   3.05357805937597560000,  34.20000,  39.64065433333333000000, -104.90667566666667000000
   439,   3.06322193401551000000,  34.20000,  39.64065430555556000000, -104.90649486111111000000
   440,   3.07271338052054600000,  33.60000,  39.64065980555556000000, -104.90631705555556000000
   441,   3.08219774277973600000,  32.90000,  39.64065838888889000000, -104.90613925000001000000
   442,   3.09141453948078040000,  32.90000,  39.64065130555556000000, -104.90596669444444000000
   443,   3.10089890290088800000,  32.30000,  39.64064988888889000000, -104.90578888888889000000
   444,   3.10893099039180940000,  31.70000,  39.64063986111111000000, -104.90563886111111000000
   445,   3.11814778740354550000,  31.10000,  39.64060636111111000000, -104.90547158333334000000
   446,   3.12656046163739140000,  31.10000,  39.64057691666667000000, -104.90531852777778000000
   447,   3.13572878475015850000,  31.10000,  39.64052111111111000000, -104.90516252777779000000
   448,   3.14409056037717830000,  32.30000,  39.64046938888889000000, -104.90502075000000000000
   449,   3.15308615291127300000,  32.90000,  39.64040655555556000000, -104.90487297222222000000
   450,   3.16214647136214830000,  32.90000,  39.64032838888889000000, -104.90473647222223000000
   451,   3.17163633297911100000,  33.60000,  39.64024605555556000000, -104.90459394444446000000
   452,   3.18102708775058000000,  34.80000,  39.64015530555555000000, -104.90446272222223000000
   453,   3.19043695704652870000,  34.80000,  39.64005752777778000000, -104.90433972222223000000
   454,   3.20025709515764700000,  34.20000,  39.63994438888888500000, -104.90422800000000000000
   455,   3.20957291696483570000,  33.60000,  39.63982830555555400000, -104.90413877777779000000
   456,   3.21899217668324230000,  31.70000,  39.63970097222222000000, -104.90407505555557000000
   457,   3.22785657806134460000,  31.10000,  39.63957905555556000000, -104.90402258333334000000
   458,   3.23614689424226200000,  29.80000,  39.63946113888889000000, -104.90399263888890000000
   459,   3.24452137764228500000,  27.30000,  39.63934036111111000000, -104.90397691666668000000
   460,   3.25171208700441830000,  24.20000,  39.63923613888889000000, -104.90397847222222000000
   461,   3.25842371907735860000,  21.70000,  39.63913886111111400000, -104.90398000000000000000
   462,   3.26396142912453500000,  18.00000,  39.63905952777777500000, -104.90399580555557000000
   463,   3.26849040472786220000,  14.30000,  39.63899413888889000000, -104.90400333333334000000
   464,   3.27251688798754800000,  11.20000,  39.63893577777777500000, -104.90400261111111000000
   465,   3.27507790991850230000,   7.50000,  39.63890091666666400000, -104.90401911111111000000
   466,   3.27692388858498470000,   4.30000,  39.63887447222222000000, -104.90402438888890000000
   467,   3.27830438516694840000,   0.00000,  39.63886458333333000000, -104.90404688888890000000
   468,   3.27830438516694840000,   0.00000,  39.63886458333333000000, -104.90404688888890000000
   469,   3.27830438516694840000,   0.00000,  39.63886458333333000000, -104.90404688888890000000
   470,   3.27830438516694840000,   0.00000,  39.63886458333333000000, -104.90404688888890000000
   471,   3.27830438516694840000,   0.00000,  39.63886458333333000000, -104.90404688888890000000
   472,   3.27830438516694840000,   0.00000,  39.63886458333333000000, -104.90404688888890000000
   473,   3.27830438516694840000,   0.00000,  39.63886458333333000000, -104.90404688888890000000
   474,   3.27830438516694840000,   4.30000,  39.63886458333333000000, -104.90404688888890000000
   475,   3.28062500360664670000,  10.60000,  39.63883119444444000000, -104.90405216666667000000
   476,   3.28417243489047100000,  14.90000,  39.63877977777778000000, -104.90405141666668000000
   477,   3.28858456123331300000,  16.80000,  39.63871588888889000000, -104.90404769444444000000
   478,   3.29322561863757300000,  16.80000,  39.63864911111111400000, -104.90405822222223000000
   479,   3.29823018975641900000,  14.90000,  39.63857680555555000000, -104.90406577777779000000
   480,   3.30225668717624730000,  13.70000,  39.63851844444444000000, -104.90406502777779000000
   481,   3.30676032733376700000,  16.20000,  39.63845316666666500000, -104.90406430555556000000
   482,   3.31213734593539100000,  21.10000,  39.63837530555555600000, -104.90406883333334000000
   483,   3.31846987159819530000,  26.10000,  39.63828358333333000000, -104.90407338888889000000
   484,   3.32652285140806800000,  29.80000,  39.63816686111111000000, -104.90407191666667000000
   485,   3.33543905152702500000,  32.30000,  39.63803766666667000000, -104.90406747222222000000
   486,   3.34446097307525900000,  34.20000,  39.63790700000000000000, -104.90407427777778000000
   487,   3.35424253514505900000,  34.20000,  39.63776533333333400000, -104.90406683333335000000
   488,   3.36411968742189400000,  34.20000,  39.63762219444445000000, -104.90407063888890000000
   489,   3.37342448593106250000,  33.60000,  39.63748744444444600000, -104.90406319444445000000
   490,   3.38292513134766670000,  32.90000,  39.63734983333333000000, -104.90407000000000000000
   491,   3.39231834680075030000,  32.30000,  39.63721372222222000000, -104.90406555555556000000
   492,   3.40116950416029430000,  32.30000,  39.63708600000000000000, -104.90404986111112000000
   493,   3.41048097100882950000,  32.90000,  39.63695430555555500000, -104.90401163888889000000
   494,   3.41960947865889550000,  32.90000,  39.63683536111111000000, -104.90393666666667000000
   495,   3.42851405231829930000,  33.60000,  39.63672347222222000000, -104.90385344444445000000
   496,   3.43820691089831800000,  33.60000,  39.63661597222222000000, -104.90373644444445000000
   497,   3.44787645906980120000,  34.20000,  39.63651691666666500000, -104.90360819444444000000
   498,   3.45807773320071950000,  35.40000,  39.63643475000000000000, -104.90344919444445000000
   499,   3.46802077532970600000,  36.00000,  39.63635952777778000000, -104.90329019444445000000
   500,   3.47843072739115830000,  36.70000,  39.63628580555555000000, -104.90311991666667000000
   501,   3.48884033157380700000,  37.30000,  39.63621205555555000000, -104.90294966666667000000
   502,   3.49939015991357570000,  37.90000,  39.63612433333333500000, -104.90278766666667000000
   503,   3.51038179547404600000,  38.50000,  39.63603811111111000000, -104.90261438888889000000
   504,   3.52117331211493500000,  38.50000,  39.63593644444445000000, -104.90246063888890000000
   505,   3.53225975218543550000,  38.50000,  39.63581944444444400000, -104.90231816666667000000
   506,   3.54272296209838900000,  37.30000,  39.63569947222222000000, -104.90219816666668000000
   507,   3.55307978764123030000,  36.70000,  39.63557100000000000000, -104.90209772222222000000
   508,   3.56302842827117000000,  37.90000,  39.63544805555556000000, -104.90200025000000000000
   509,   3.57429512756159750000,  39.10000,  39.63529722222222000000, -104.90191927777778000000
   510,   3.58600521312612530000,  40.40000,  39.63513944444444000000, -104.90183833333334000000
   511,   3.59715277668997200000,  39.80000,  39.63498711111111000000, -104.90176863888890000000
   512,   3.60927814556829140000,  41.60000,  39.63482377777777500000, -104.90168469444446000000
   513,   3.62166995689961670000,  42.30000,  39.63465055555555000000, -104.90162325000000000000
   514,   3.63465515882531150000,  42.90000,  39.63447475000000000000, -104.90153630555557000000
   515,   3.64592308179989070000,  41.60000,  39.63432388888888600000, -104.90145536111112000000
   516,   3.65698254224870900000,  39.80000,  39.63417008333333000000, -104.90139691666667000000
   517,   3.66726517699307570000,  38.50000,  39.63403025000000000000, -104.90133019444445000000
   518,   3.67658317964886600000,  36.00000,  39.63390141666667000000, -104.90127775000000000000
   519,   3.68641899000765340000,  34.80000,  39.63376850000000000000, -104.90121105555556000000
   520,   3.69554757397016500000,  34.20000,  39.63364955555556000000, -104.90113608333334000000
   521,   3.70508846513736500000,  34.80000,  39.63352508333333000000, -104.90105813888890000000
   522,   3.71493164109005570000,  35.40000,  39.63341333333333000000, -104.90094341666668000000
   523,   3.72515440745805250000,  35.40000,  39.63329463888889000000, -104.90082869444446000000
   524,   3.73527124088172260000,  35.40000,  39.63318300000000000000, -104.90070572222223000000
   525,   3.74503895647930030000,  35.40000,  39.63308669444444400000, -104.90057150000001000000
   526,   3.75523396747595050000,  35.40000,  39.63299888888889000000, -104.90041777777779000000
   527,   3.76472209359706020000,  35.40000,  39.63291655555555000000, -104.90027530555557000000
   528,   3.77456418796639400000,  35.40000,  39.63283430555555500000, -104.90012455555556000000
   529,   3.78493094079748360000,  36.70000,  39.63275491666667000000, -104.89995955555557000000
   530,   3.79496192335799300000,  37.30000,  39.63268105555556000000, -104.89979758333334000000
   531,   3.80556244729585650000,  37.90000,  39.63261008333333000000, -104.89962133333334000000
   532,   3.81639260955666340000,  38.50000,  39.63253216666666400000, -104.89944508333333000000
   533,   3.82722149457170000000,  38.50000,  39.63245425000000000000, -104.89926886111112000000
   534,   3.83821170048647300000,  37.90000,  39.63238336111111000000, -104.89908436111112000000
   535,   3.84871577997999300000,  37.30000,  39.63231100000000000000, -104.89891111111112000000
   536,   3.85874711307672900000,  36.70000,  39.63223716666667000000, -104.89874911111112000000
   537,   3.86903166847108100000,  36.00000,  39.63217172222222500000, -104.89857588888890000000
   538,   3.87960932039157540000,  34.20000,  39.63210500000000000000, -104.89839736111112000000
   539,   3.88851185069835000000,  31.70000,  39.63204077777778000000, -104.89825261111112000000
   540,   3.89687311917832200000,  28.60000,  39.63198905555556000000, -104.89811086111112000000
   541,   3.90426940875208600000,  24.90000,  39.63193436111111400000, -104.89799161111112000000
   542,   3.91086979042275030000,  21.70000,  39.63188375000000000000, -104.89788661111112000000
   543,   3.91605194380695480000,  18.00000,  39.63184405555555400000, -104.89780413888890000000
   544,   3.92058429576060160000,  14.30000,  39.63181547222222000000, -104.89772763888890000000
   545,   3.92385852485016650000,  11.20000,  39.63178383333334000000, -104.89768188888890000000
   546,   3.92612685678779850000,  11.20000,  39.63176458333333600000, -104.89764741666667000000
   547,   3.92947064321680760000,  14.90000,  39.63173997222222000000, -104.89759341666668000000
   548,   3.93465507506901520000,  18.00000,  39.63170025000000000000, -104.89751091666668000000
   549,   3.93989177587745280000,  21.10000,  39.63166622222222000000, -104.89742316666667000000
   550,   3.94640828438610970000,  25.50000,  39.63160855555556000000, -104.89732641666667000000
   551,   3.95435592983280240000,  29.20000,  39.63153436111111500000, -104.89721244444445000000
   552,   3.96230358020541800000,  31.70000,  39.63146016666667000000, -104.89709847222223000000
   553,   3.97164127886754330000,  31.70000,  39.63136802777777500000, -104.89697025000001000000
   554,   3.98029287588648150000,  31.10000,  39.63128836111111000000, -104.89684500000001000000
   555,   3.98893498483648750000,  31.10000,  39.63120169444444000000, -104.89672802777778000000
   556,   3.99791557513057400000,  30.40000,  39.63110805555556000000, -104.89661108333334000000
   557,   4.00621045016649200000,  30.40000,  39.63101988888888600000, -104.89650536111112000000
   558,   4.01486132498639800000,  30.40000,  39.63092480555556000000, -104.89639963888890000000
   559,   4.02388089774248300000,  31.10000,  39.63082277777778000000, -104.89629391666668000000
   560,   4.03262224198090000000,  32.30000,  39.63071925000000000000, -104.89619944444445000000
   561,   4.04242122014662700000,  34.20000,  39.63060475000000000000, -104.89609075000001000000
   562,   4.05196488486849700000,  34.80000,  39.63048875000000000000, -104.89599327777779000000
   563,   4.06150774690819200000,  35.40000,  39.63037275000000000000, -104.89589583333334000000
   564,   4.07186477806719100000,  36.00000,  39.63024427777778000000, -104.89579538888890000000
   565,   4.08222181418594100000,  36.70000,  39.63011580555555500000, -104.89569494444446000000
   566,   4.09279664727203300000,  37.30000,  39.62997891666666600000, -104.89560575000000000000
   567,   4.10337148437692000000,  38.50000,  39.62984202777778000000, -104.89551655555556000000
   568,   4.11436065908806700000,  39.10000,  39.62969958333333400000, -104.89542436111111000000
   569,   4.12518772712406500000,  39.80000,  39.62955566666667000000, -104.89534341666668000000
   570,   4.13702156977576700000,  39.80000,  39.62940072222222000000, -104.89524825000001000000
   571,   4.14784864475211800000,  38.50000,  39.62925680555555600000, -104.89516730555556000000
   572,   4.15825983225706200000,  36.70000,  39.62911844444444400000, -104.89508938888889000000
   573,   4.16823422187863500000,  34.80000,  39.62898702777777500000, -104.89501144444445000000
   574,   4.17779526665100700000,  32.30000,  39.62886113888889000000, -104.89493650000000000000
   575,   4.18665932319998900000,  29.20000,  39.62873922222222000000, -104.89488405555556000000
   576,   4.19378984733028750000,  24.90000,  39.62864230555556000000, -104.89483761111111000000
   577,   4.19954891170538300000,  20.50000,  39.62856194444444000000, -104.89480838888889000000
   578,   4.20485018924795400000,  15.50000,  39.62848850000000000000, -104.89477916666668000000
   579,   4.20835451535772000000,   9.30000,  39.62843855555555500000, -104.89476719444446000000
   580,   4.21010654354252600000,   3.70000,  39.62841358333333400000, -104.89476122222223000000
   581,   4.21139441540270200000,   0.00000,  39.62842163888889000000, -104.89478300000000000000
   582,   4.21139441540270200000,   0.00000,  39.62842163888889000000, -104.89478300000000000000
   583,   4.21139441540270200000,   0.00000,  39.62842163888889000000, -104.89478300000000000000
   584,   4.21139441540270200000,   0.00000,  39.62842163888889000000, -104.89478300000000000000
   585,   4.21139441540270200000,   0.00000,  39.62842163888889000000, -104.89478300000000000000
   586,   4.21139441540270200000,   0.00000,  39.62842163888889000000, -104.89478300000000000000
   587,   4.21139441540270200000,   0.00000,  39.62842163888889000000, -104.89478300000000000000
   588,   4.21139441540270200000,   3.70000,  39.62842163888889000000, -104.89478300000000000000
   589,   4.21361925424064000000,  10.60000,  39.62838972222222400000, -104.89477702777778000000
   590,   4.21759371572795300000,  16.80000,  39.62833286111111000000, -104.89476505555557000000
   591,   4.22335399701907600000,  22.40000,  39.62824952777777600000, -104.89475833333334000000
   592,   4.23077730156273100000,  26.70000,  39.62814261111111000000, -104.89474266666667000000
   593,   4.23875519610366200000,  30.40000,  39.62802738888889000000, -104.89472997222222000000
   594,   4.24808149545310100000,  33.60000,  39.62789275000000000000, -104.89471427777778000000
   595,   4.25825344197695350000,  36.70000,  39.62774552777777600000, -104.89470386111111000000
   596,   4.26860960262517600000,  37.90000,  39.62759544444444500000, -104.89470769444445000000
   597,   4.27934710948902900000,  37.30000,  39.62743980555555400000, -104.89470852777778000000
   598,   4.28969821708697900000,  36.70000,  39.62728980555555600000, -104.89470408333334000000
   599,   4.30005437694599000000,  36.00000,  39.62713972222222500000, -104.89470791666668000000
   600,   4.30983777810546200000,  34.80000,  39.62699802777778000000, -104.89470050000001000000
   601,   4.31970992458827900000,  33.60000,  39.62685497222222600000, -104.89469605555556000000
   602,   4.32920869650321500000,  33.60000,  39.62671738888889000000, -104.89470288888890000000
   603,   4.33860381139763100000,  33.60000,  39.62658125000000000000, -104.89469844444446000000
   604,   4.34848097585216800000,  34.80000,  39.62643811111111000000, -104.89470227777778000000
   605,   4.35798166212525700000,  34.80000,  39.62630050000000000000, -104.89470911111111000000
   606,   4.36738175786298500000,  34.80000,  39.62616427777777500000, -104.89471294444445000000
   607,   4.37688047202564200000,  34.80000,  39.62602669444445000000, -104.89471975000001000000
   608,   4.38723662970139000000,  35.40000,  39.62587661111111000000, -104.89472358333335000000
   609,   4.39688026282722300000,  35.40000,  39.62573752777778000000, -104.89474166666668000000
   610,   4.40753061521589600000,  35.40000,  39.62558336111111000000, -104.89473125000000000000
   611,   4.41717410012697350000,  34.80000,  39.62544427777778000000, -104.89474930555556000000
   612,   4.42695558401747800000,  34.20000,  39.62530261111111000000, -104.89474188888890000000
   613,   4.43683274637110900000,  34.20000,  39.62515947222222000000, -104.89474572222223000000
   614,   4.44633337405704850000,  34.20000,  39.62502186111111500000, -104.89475252777778000000
   615,   4.45573346780300400000,  33.60000,  39.62488563888889000000, -104.89475636111112000000
   616,   4.46478963427563100000,  33.60000,  39.62475488888889000000, -104.89477144444444000000
   617,   4.47409435215204200000,  32.90000,  39.62462013888888600000, -104.89476402777778000000
   618,   4.48339721836135200000,  32.30000,  39.62448541666666600000, -104.89475658333335000000
   619,   4.49192730652743500000,  30.40000,  39.62436177777778000000, -104.89475516666667000000
   620,   4.49925102084989350000,  28.00000,  39.62425608333333600000, -104.89476797222223000000
   621,   4.50742192952642800000,  27.30000,  39.62413788888889000000, -104.89477777777779000000
   622,   4.51413680526001400000,  25.50000,  39.62404069444444600000, -104.89477108333334000000
   623,   4.52171068250967600000,  24.90000,  39.62393091666666600000, -104.89476963888889000000
   624,   4.52889945671522500000,  25.50000,  39.62382672222222600000, -104.89477119444444000000
   625,   4.53571259462366600000,  25.50000,  39.62372802777778000000, -104.89477572222224000000
   626,   4.54280739010315400000,  25.50000,  39.62362519444444000000, -104.89477430555556000000
   627,   4.54976698854955700000,  25.50000,  39.62352505555555400000, -104.89479008333333000000
   628,   4.55756796331683000000,  24.90000,  39.62341241666667000000, -104.89480291666668000000
   629,   4.56437918562716300000,  24.90000,  39.62331375000000000000, -104.89480744444445000000
   630,   4.57119046055380200000,  24.90000,  39.62321508333333500000, -104.89481200000000000000
   631,   4.57829794760667500000,  24.20000,  39.62311233333333000000, -104.89480230555556000000
   632,   4.58510916960130600000,  22.40000,  39.62301366666666500000, -104.89480683333333000000
   633,   4.59047670212586300000,  19.30000,  39.62293591666667000000, -104.89480313888889000000
   634,   4.59536938709034300000,  14.90000,  39.62286505555556000000, -104.89479941666667000000
   635,   4.59953338179257200000,  12.40000,  39.62280525000000000000, -104.89480994444445000000
   636,   4.60204633077939300000,   9.30000,  39.62277583333333600000, -104.89483772222223000000
