95219
    49,   0.14516901127944296000,  14.90000,  39.60741319444445000000, -104.80271755555555000000
    50,   0.14956069711576253000,  15.50000,  39.60744886111111000000, -104.80278572222223000000
    51,   0.15419905082699076000,  17.40000,  39.60747613888889000000, -104.80286516666666000000
    52,   0.15992262391432688000,  19.90000,  39.60747405555555600000, -104.80297238888889000000
    53,   0.16575134881667370000,  22.40000,  39.60745805555555400000, -104.80307963888889000000
    54,   0.17279684492437790000,  24.90000,  39.60743916666666600000, -104.80320938888889000000
    55,   0.18037686954919657000,  27.30000,  39.60741322222222000000, -104.80334741666667000000
    56,   0.18874057969103940000,  29.20000,  39.60738444444445000000, -104.80349966666667000000
    57,   0.19771269116743004000,  30.40000,  39.60735422222222000000, -104.80366319444444000000
    58,   0.20602343012579563000,  30.40000,  39.60731988888889000000, -104.80381247222222000000
    59,   0.21499455333727865000,  30.40000,  39.60728963888889000000, -104.80397597222222000000
    60,   0.22390999787444327000,  29.80000,  39.60725383333333000000, -104.80413650000000000000
    61,   0.23227516607161813000,  29.20000,  39.60722505555556000000, -104.80428877777777000000
    62,   0.24058591920231814000,  29.20000,  39.60719072222222000000, -104.80443805555555000000
    63,   0.24894965458682272000,  28.60000,  39.60716194444445000000, -104.80459030555555000000
    64,   0.25713675931358215000,  28.00000,  39.60713455555555400000, -104.80473958333333000000
    65,   0.26484345251733804000,  27.30000,  39.60710169444444500000, -104.80487761111111000000
    66,   0.27249811556815790000,  26.70000,  39.60708130555556000000, -104.80501861111111000000
    67,   0.28007772472702430000,  26.10000,  39.60705538888889000000, -104.80515663888889000000
    68,   0.28712361493051053000,  26.10000,  39.60703647222223000000, -104.80528638888889000000
    69,   0.29470322870233623000,  25.50000,  39.60701055555555400000, -104.80542441666667000000
    70,   0.30174912329121990000,  24.20000,  39.60699163888889000000, -104.80555416666667000000
    71,   0.30811507364139640000,  23.00000,  39.60696863888889000000, -104.80566969444445000000
    72,   0.31447959042636514000,  20.50000,  39.60694563888889000000, -104.80578519444444000000
    73,   0.31963313800294980000,  18.00000,  39.60692558333333600000, -104.80587822222222000000
    74,   0.32475199461238360000,  16.80000,  39.60689997222222000000, -104.80596824999999000000
    75,   0.32925842216714280000,  16.80000,  39.60685786111111000000, -104.80603280555555000000
    76,   0.33390616581993315000,  18.00000,  39.60681022222222000000, -104.80609438888888000000
    77,   0.33949114244178835000,  19.30000,  39.60674313888889000000, -104.80615297222222000000
    78,   0.34538349049365047000,  21.10000,  39.60666097222222000000, -104.80618311111111000000
    79,   0.35139411158280400000,  22.40000,  39.60657472222223000000, -104.80619902777778000000
    80,   0.35820749822759720000,  23.60000,  39.60647602777778000000, -104.80620369444445000000
    81,   0.36491920674380074000,  25.50000,  39.60637875000000500000, -104.80620538888888000000
    82,   0.37261064897975626000,  26.70000,  39.60626752777778000000, -104.80621533333333000000
    83,   0.38066349008665645000,  28.00000,  39.60615080555556000000, -104.80621405555556000000
    84,   0.38835503456051135000,  28.60000,  39.60603958333333500000, -104.80622402777777000000
    85,   0.39700262666852515000,  29.80000,  39.60591447222222400000, -104.80623397222222000000
    86,   0.40505355099460820000,  29.80000,  39.60579777777778000000, -104.80623269444445000000
    87,   0.41407585285372817000,  29.20000,  39.60566711111111000000, -104.80623969444444000000
    88,   0.42224531007122380000,  29.20000,  39.60554894444444000000, -104.80624963888889000000
    89,   0.43022435170739820000,  28.00000,  39.60543369444444000000, -104.80623711111110000000
    90,   0.43810853487531800000,  27.30000,  39.60532130555555600000, -104.80621033333333000000
    91,   0.44581288379543976000,  27.30000,  39.60521888888889000000, -104.80615277777777000000
    92,   0.45393372748265853000,  27.30000,  39.60511088888889000000, -104.80609224999999000000
    93,   0.46151479988895520000,  27.30000,  39.60502672222222000000, -104.80600091666666000000
    94,   0.46986805836140233000,  28.00000,  39.60493008333333600000, -104.80590661111111000000
    95,   0.47781963194956073000,  27.30000,  39.60483900000000000000, -104.80581530555556000000
    96,   0.48550476543218500000,  27.30000,  39.60474641666667000000, -104.80573522222222000000
    97,   0.49277226297638593000,  26.70000,  39.60465094444444400000, -104.80567766666667000000
    98,   0.50068882634482480000,  26.70000,  39.60454002777778000000, -104.80563963888889000000
    99,   0.50816758714004260000,  26.70000,  39.60443319444445000000, -104.80561586111111000000
   100,   0.51535832455245830000,  26.70000,  39.60432897222223000000, -104.80561752777777000000
   101,   0.52302813510291560000,  27.30000,  39.60421780555556000000, -104.80561922222222000000
   102,   0.53107905708446650000,  27.30000,  39.60410111111111000000, -104.80561794444444000000
   103,   0.53826979409054580000,  26.70000,  39.60399688888889400000, -104.80561961111111000000
   104,   0.54593960420644940000,  26.70000,  39.60388572222222000000, -104.80562130555555000000
   105,   0.55351338352168830000,  26.10000,  39.60377594444444000000, -104.80561999999999000000
   106,   0.56070222240829050000,  25.50000,  39.60367175000000400000, -104.80562169444444000000
   107,   0.56751560602360730000,  24.90000,  39.60357305555556000000, -104.80562636111111000000
   108,   0.57483810089161490000,  24.20000,  39.60346738888889000000, -104.80563930555556000000
   109,   0.58117273843133210000,  23.60000,  39.60337563888889000000, -104.80564397222221000000
   110,   0.58836155833435920000,  23.60000,  39.60327144444444500000, -104.80564563888889000000
   111,   0.59469619568799700000,  23.60000,  39.60317969444445000000, -104.80565030555556000000
   112,   0.60150766371041000000,  23.00000,  39.60308102777777600000, -104.80565497222221000000
   113,   0.60784038600374070000,  23.00000,  39.60298930555556000000, -104.80565963888888000000
   114,   0.61368851150314040000,  21.70000,  39.60290458333333400000, -104.80565600000000000000
   115,   0.62002123362922300000,  20.50000,  39.60281286111111000000, -104.80566066666667000000
   116,   0.62513677880567440000,  18.60000,  39.60273916666666600000, -104.80567127777778000000
   117,   0.63014169616059100000,  16.80000,  39.60266686111111000000, -104.80567891666666000000
   118,   0.63478330085123760000,  14.30000,  39.60260008333333600000, -104.80568952777777000000
   119,   0.63812827324923030000,  11.20000,  39.60255275000000000000, -104.80570311111111000000
   120,   0.64114286019184870000,   8.10000,  39.60251097222223000000, -104.80571966666666000000
   121,   0.64300455400655000000,   6.20000,  39.60248861111111000000, -104.80573919444444000000
   122,   0.64486624800467410000,   8.70000,  39.60246625000000000000, -104.80575872222222000000
   123,   0.64688007077719790000,   9.30000,  39.60244936111111000000, -104.80578950000000000000
   124,   0.65009884176710930000,   9.30000,  39.60244063888889000000, -104.80584875000000000000
   125,   0.65266056877621250000,   9.30000,  39.60244033333333400000, -104.80589675000000000000
   126,   0.65482872223844760000,   8.10000,  39.60244702777778000000, -104.80593644444444000000
   127,   0.65743064856605080000,   7.50000,  39.60245363888889000000, -104.80598444444445000000
   128,   0.65960065880659370000,   6.20000,  39.60246036111111000000, -104.80602416666666000000
   129,   0.66111062426928910000,   5.60000,  39.60246988888889000000, -104.80604963888888000000
   130,   0.66293704959735030000,   4.30000,  39.60246550000000000000, -104.80608338888888000000
   131,   0.66374664525800250000,   3.10000,  39.60246958333334000000, -104.80609761111111000000
   235,   0.67375701740269880000,   2.50000,  39.60245166666667000000, -104.80628066666667000000
   236,   0.67513711327845860000,   6.20000,  39.60244180555556000000, -104.80630316666667000000
   237,   0.67710141538461210000,   9.90000,  39.60243044444444400000, -104.80633691666667000000
   238,   0.68043953205941700000,  12.40000,  39.60239266666667000000, -104.80637600000000000000
   239,   0.68416292180543360000,  14.30000,  39.60234794444444600000, -104.80641505555555000000
   240,   0.68901194645888430000,  16.20000,  39.60227972222222000000, -104.80643691666667000000
   241,   0.69390246436298840000,  18.00000,  39.60220888888889000000, -104.80643330555556000000
   242,   0.69962985657657040000,  20.50000,  39.60212702777777600000, -104.80641544444444000000
   243,   0.70548484728730750000,  22.40000,  39.60204811111111000000, -104.80637508333334000000
   244,   0.71275412926159120000,  24.90000,  39.60195261111111000000, -104.80631752777778000000
   245,   0.72002341291942360000,  26.70000,  39.60185711111111600000, -104.80625997222222000000
   246,   0.72772957648676710000,  29.20000,  39.60175466666666500000, -104.80620241666666000000
   247,   0.73685718283140270000,  31.10000,  39.60163566666667000000, -104.80612766666667000000
   248,   0.74641861408768760000,  32.90000,  39.60150972222222500000, -104.80605288888889000000
   249,   0.75597768799987180000,  34.20000,  39.60138380555556000000, -104.80597813888889000000
   250,   0.76595301852060530000,  35.40000,  39.60125230555555500000, -104.80590041666666000000
   251,   0.77636655616865900000,  37.30000,  39.60111386111111000000, -104.80582266666666000000
   252,   0.78694033238040030000,  38.50000,  39.60097691666667000000, -104.80573369444444000000
   253,   0.79820799794644370000,  39.80000,  39.60082600000000500000, -104.80565297222222000000
   254,   0.80962617439150570000,  41.00000,  39.60067655555556000000, -104.80556102777777000000
   255,   0.82189391137735070000,  42.30000,  39.60051461111111600000, -104.80546608333333000000
   256,   0.83357582064459850000,  42.90000,  39.60035813888889000000, -104.80538241666666000000
   257,   0.84584356665564150000,  44.10000,  39.60019619444444000000, -104.80528747222222000000
   258,   0.85854741367451200000,  44.70000,  39.60002733333334000000, -104.80519252777778000000
   259,   0.87122913534035250000,  45.40000,  39.59985983333333000000, -104.80509463888889000000
   260,   0.88450690573105020000,  46.00000,  39.59968688888889000000, -104.80498547222221000000
   261,   0.89762491293137100000,  46.60000,  39.59951247222222000000, -104.80488758333333000000
   262,   0.91074527327184270000,  46.60000,  39.59933802777778000000, -104.80478966666666000000
   263,   0.92386388072918660000,  46.00000,  39.59916361111111600000, -104.80469175000000000000
   264,   0.93671392719124460000,  44.70000,  39.59899758333333600000, -104.80458261111110000000
   265,   0.94897996654328510000,  44.10000,  39.59883566666666600000, -104.80448766666666000000
   266,   0.96110600614537580000,  42.90000,  39.59867225000000000000, -104.80440399999999000000
   267,   0.97323026764038590000,  42.30000,  39.59850886111111400000, -104.80432033333334000000
   268,   0.98449798756991160000,  41.60000,  39.59835794444444400000, -104.80423961111111000000
   269,   0.99651214001489540000,  41.00000,  39.59819305555555500000, -104.80416719444445000000
   270,   1.00803066759689150000,  40.40000,  39.59803227777778000000, -104.80410900000000000000
   271,   1.01909044618452230000,  39.10000,  39.59787841666667000000, -104.80405080555555000000
   272,   1.02937265221934380000,  37.90000,  39.59773852777778000000, -104.80398433333333000000
   273,   1.04043243397538050000,  37.30000,  39.59758466666667000000, -104.80392613888888000000
   274,   1.05020771947606260000,  36.00000,  39.59744886111111000000, -104.80387388888889000000
   275,   1.06039569471703570000,  34.80000,  39.59730750000000000000, -104.80381866666666000000
   276,   1.06971418913877450000,  34.20000,  39.59717861111111000000, -104.80376644444443000000
   277,   1.07896818534804680000,  32.90000,  39.59704827777778000000, -104.80372544444444000000
   278,   1.08828712603873500000,  32.30000,  39.59691938888889000000, -104.80367319444444000000
   279,   1.09760423956285340000,  31.70000,  39.59679052777778000000, -104.80362094444445000000
   280,   1.10598447029288100000,  31.70000,  39.59667266666667000000, -104.80358294444444000000
   281,   1.11530158641679590000,  31.70000,  39.59654380555555500000, -104.80353069444445000000
   282,   1.12375089145143140000,  31.70000,  39.59642741666667000000, -104.80348141666667000000
   283,   1.13265673475029920000,  31.10000,  39.59630408333334000000, -104.80343213888888000000
   284,   1.14156214153726250000,  30.40000,  39.59618075000000000000, -104.80338288888889000000
   285,   1.14991795079427800000,  29.20000,  39.59606141666667000000, -104.80335611111111000000
   286,   1.15796886150869650000,  27.30000,  39.59594472222223000000, -104.80335483333333000000
   287,   1.16515960701455110000,  25.50000,  39.59584050000000000000, -104.80335652777778000000
   288,   1.17184957499665300000,  23.60000,  39.59574583333334000000, -104.80338369444443000000
   289,   1.17820421990899820000,  22.40000,  39.59565672222222000000, -104.80341383333334000000
   290,   1.18409847111841130000,  20.50000,  39.59557452777778000000, -104.80344397222223000000
   291,   1.18998272166129370000,  18.60000,  39.59549644444445000000, -104.80348833333333000000
   292,   1.19500629629422940000,  17.40000,  39.59543222222222000000, -104.80353269444444000000
   293,   1.19939763890384450000,  16.80000,  39.59537502777778000000, -104.80356880555556000000
   294,   1.20416873120336020000,  14.90000,  39.59531636111112000000, -104.80361613888888000000
   295,   1.20798203110182860000,  13.70000,  39.59527711111111600000, -104.80366644444445000000
   296,   1.21165598923212060000,  11.80000,  39.59524341666667000000, -104.80371975000000000000
   297,   1.21481404932306500000,   9.30000,  39.59521119444444500000, -104.80376177777778000000
   298,   1.21682801103110070000,   6.20000,  39.59519430555556000000, -104.80379255555555000000
   299,   1.21820916111184150000,   3.10000,  39.59518441666667000000, -104.80381505555555000000
   300,   1.21971267753754100000,   0.00000,  39.59519961111111000000, -104.80383524999999000000
   301,   1.21971267753754100000,   0.00000,  39.59519961111111000000, -104.80383524999999000000
   302,   1.21971267753754100000,   0.00000,  39.59519961111111000000, -104.80383524999999000000
   303,   1.21971267753754100000,   0.00000,  39.59519961111111000000, -104.80383524999999000000
   304,   1.21971267753754100000,   0.00000,  39.59519961111111000000, -104.80383524999999000000
   305,   1.21971267753754100000,   0.00000,  39.59519961111111000000, -104.80383524999999000000
   306,   1.21971267753754100000,   0.00000,  39.59519961111111000000, -104.80383524999999000000
   307,   1.21971267753754100000,   0.00000,  39.59519961111111000000, -104.80383524999999000000
   308,   1.21971267753754100000,   0.00000,  39.59519961111111000000, -104.80383524999999000000
   309,   1.21971267753754100000,   0.00000,  39.59519961111111000000, -104.80383524999999000000
   310,   1.21971267753754100000,   0.00000,  39.59519961111111000000, -104.80383524999999000000
   311,   1.21971267753754100000,   0.00000,  39.59519961111111000000, -104.80383524999999000000
   312,   1.21971267753754100000,   0.00000,  39.59519961111111000000, -104.80383524999999000000
   313,   1.21971267753754100000,   0.00000,  39.59519961111111000000, -104.80383524999999000000
   314,   1.21971267753754100000,   0.00000,  39.59519961111111000000, -104.80383524999999000000
   315,   1.21971267753754100000,   0.00000,  39.59519961111111000000, -104.80383524999999000000
   316,   1.21971267753754100000,   0.00000,  39.59519961111111000000, -104.80383524999999000000
   317,   1.21971267753754100000,   0.00000,  39.59519961111111000000, -104.80383524999999000000
   318,   1.21971267753754100000,   0.00000,  39.59519961111111000000, -104.80383524999999000000
   319,   1.21971267753754100000,   0.00000,  39.59519961111111000000, -104.80383524999999000000
   320,   1.21971267753754100000,   0.00000,  39.59519961111111000000, -104.80383524999999000000
   321,   1.21971267753754100000,   0.00000,  39.59519961111111000000, -104.80383524999999000000
   322,   1.21971267753754100000,   0.00000,  39.59519961111111000000, -104.80383524999999000000
   323,   1.21971267753754100000,   0.00000,  39.59519961111111000000, -104.80383524999999000000
   324,   1.21971267753754100000,   0.00000,  39.59519961111111000000, -104.80383524999999000000
   325,   1.21971267753754100000,   0.00000,  39.59519961111111000000, -104.80383524999999000000
   326,   1.21971267753754100000,   0.00000,  39.59519961111111000000, -104.80383524999999000000
   327,   1.21971267753754100000,   0.00000,  39.59519961111111000000, -104.80383524999999000000
   328,   1.21971267753754100000,   0.00000,  39.59519961111111000000, -104.80383524999999000000
   329,   1.21971267753754100000,   0.00000,  39.59519961111111000000, -104.80383524999999000000
   330,   1.21971267753754100000,   0.00000,  39.59519961111111000000, -104.80383524999999000000
   331,   1.21971267753754100000,   3.70000,  39.59519961111111000000, -104.80383524999999000000
   332,   1.22172663946769560000,   9.30000,  39.59518272222222600000, -104.80386602777777000000
   333,   1.22530182536668430000,  14.30000,  39.59515458333333000000, -104.80392227777777000000
   334,   1.22951581275717860000,  18.00000,  39.59511941666667000000, -104.80398683333333000000
   335,   1.23542991216659860000,  21.70000,  39.59507986111112000000, -104.80408513888888000000
   336,   1.24253367976112420000,  24.90000,  39.59504844444444400000, -104.80421188888889000000
   337,   1.25024017831417000000,  28.00000,  39.59501558333333500000, -104.80434988888888000000
   338,   1.25859947126814920000,  31.70000,  39.59499927777778000000, -104.80450508333332000000
   339,   1.26812285958054320000,  34.20000,  39.59498700000000000000, -104.80468280555556000000
   340,   1.27912690292695430000,  37.30000,  39.59498980555556000000, -104.80488894444444000000
   341,   1.28997371474828280000,  39.10000,  39.59498708333333600000, -104.80509213888888000000
   342,   1.30097924044852990000,  39.10000,  39.59498988888889000000, -104.80529830555555000000
   343,   1.31258387942362800000,  39.10000,  39.59499122222223000000, -104.80551572222222000000
   344,   1.32343069102407450000,  39.10000,  39.59498850000000000000, -104.80571891666666000000
   345,   1.33503533023089750000,  39.10000,  39.59498983333334000000, -104.80593633333334000000
   346,   1.34605969228373300000,  39.10000,  39.59499958333333000000, -104.80614249999999000000
   347,   1.35766434498810700000,  39.80000,  39.59500094444444000000, -104.80635991666666000000
   348,   1.36850970605560220000,  39.80000,  39.59499819444445000000, -104.80656308333333000000
   349,   1.38012043452200460000,  41.00000,  39.59499258333334000000, -104.80678050000000000000
   350,   1.39172508839362120000,  41.60000,  39.59499394444445000000, -104.80699791666666000000
   351,   1.40392981712591960000,  42.90000,  39.59499380555556000000, -104.80722658333333000000
   352,   1.41629888357974800000,  44.10000,  39.59499925000000000000, -104.80745822222222000000
   353,   1.42910934325795070000,  44.70000,  39.59500458333333500000, -104.80769813888888000000
   354,   1.44191646594902780000,  46.00000,  39.59500300000000500000, -104.80793808333333000000
   355,   1.45488313341896580000,  46.60000,  39.59500694444445000000, -104.80818097222222000000
   356,   1.46829041567952130000,  46.60000,  39.59500388888889000000, -104.80843213888889000000
   357,   1.48125708298313700000,  46.60000,  39.59500783333333400000, -104.80867502777778000000
   358,   1.49466436507170240000,  46.00000,  39.59500477777778000000, -104.80892619444444000000
   359,   1.50763131151944680000,  46.00000,  39.59500177777778000000, -104.80916911111110000000
   360,   1.52043695218634030000,  46.00000,  39.59500019444444500000, -104.80940902777778000000
   361,   1.53324741169073090000,  46.00000,  39.59500552777778000000, -104.80964894444445000000
   362,   1.54621407868892050000,  46.00000,  39.59500947222222000000, -104.80989183333332000000
   363,   1.55901971793916740000,  46.60000,  39.59500788888889400000, -104.81013175000000000000
   364,   1.57258505211224700000,  47.20000,  39.59501036111111500000, -104.81038588888889000000
   365,   1.58600841712287250000,  47.80000,  39.59500036111111000000, -104.81063705555555000000
   366,   1.59941718306375340000,  47.80000,  39.59499730555556000000, -104.81088824999999000000
   367,   1.61282449745202340000,  48.50000,  39.59499422222222600000, -104.81113941666666000000
   368,   1.62638985851720000000,  48.50000,  39.59499672222223000000, -104.81139355555555000000
   369,   1.63979717301788800000,  48.50000,  39.59499363888889400000, -104.81164472222223000000
   370,   1.65396354903542650000,  49.10000,  39.59499466666667000000, -104.81191013888889000000
   371,   1.66737086393092770000,  49.10000,  39.59499158333334000000, -104.81216130555555000000
   372,   1.68077814915201060000,  49.10000,  39.59498852777778000000, -104.81241247222222000000
   373,   1.69494880230506780000,  49.10000,  39.59498258333333000000, -104.81267786111111000000
   374,   1.70835757167259540000,  49.10000,  39.59497952777778000000, -104.81292905555556000000
   375,   1.72193738657393540000,  49.10000,  39.59498894444444500000, -104.81318319444445000000
   376,   1.73610227150965480000,  49.10000,  39.59498994444445000000, -104.81344858333333000000
   377,   1.74966909166065680000,  49.10000,  39.59499241666667000000, -104.81370274999999000000
   378,   1.76383397588988270000,  49.70000,  39.59499341666667000000, -104.81396813888888000000
   379,   1.77739933711215150000,  49.70000,  39.59499591666667000000, -104.81422227777777000000
   380,   1.79140638438022500000,  49.70000,  39.59499830555555600000, -104.81448469444445000000
   381,   1.80557274998795700000,  50.30000,  39.59499930555556000000, -104.81475011111111000000
   382,   1.81973763281483580000,  50.30000,  39.59500030555556000000, -104.81501550000000000000
   383,   1.83374719309891350000,  51.00000,  39.59499577777778000000, -104.81527791666666000000
   384,   1.84851387842790230000,  51.60000,  39.59499530555556000000, -104.81555458333332000000
   385,   1.86252348258153730000,  51.60000,  39.59499075000000000000, -104.81581700000000000000
   386,   1.87713015790859460000,  51.60000,  39.59499169444444500000, -104.81609066666667000000
   387,   1.89174408888885530000,  51.60000,  39.59498566666666600000, -104.81636436111111000000
   388,   1.90635076528281900000,  51.60000,  39.59498661111111000000, -104.81663802777777000000
   389,   1.92036037118691950000,  51.60000,  39.59498205555555500000, -104.81690044444444000000
   390,   1.93497282219544400000,  50.30000,  39.59497602777778000000, -104.81717411111110000000
   391,   1.94883772934678500000,  48.50000,  39.59496594444444600000, -104.81743355555555000000
   392,   1.96224653218811930000,  47.20000,  39.59496286111111400000, -104.81768475000000000000
   393,   1.97505219651188120000,  46.60000,  39.59496125000000400000, -104.81792466666667000000
   394,   1.98786266318363270000,  45.40000,  39.59496658333334000000, -104.81816458333333000000
   395,   1.99991522255711700000,  43.50000,  39.59496086111111000000, -104.81839027777778000000
   396,   2.01151838382642900000,  42.30000,  39.59496219444445000000, -104.81860766666667000000
   397,   2.02313661172658000000,  41.00000,  39.59497044444445000000, -104.81882508333332000000
   398,   2.03458595803380860000,  39.10000,  39.59496622222222600000, -104.81903952777778000000
   399,   2.04499346437505470000,  37.30000,  39.59497047222222000000, -104.81923444444445000000
   400,   2.05465021951870060000,  34.80000,  39.59497758333334000000, -104.81941513888889000000
   401,   2.06429303129002850000,  32.30000,  39.59497777777778000000, -104.81959580555555000000
   402,   2.07273914115832270000,  29.80000,  39.59498088888889000000, -104.81975400000000000000
   403,   2.08042221404142800000,  27.30000,  39.59497991666667000000, -104.81989794444443000000
   404,   2.08752300379775200000,  24.90000,  39.59498733333333600000, -104.82003063888888000000
   405,   2.09460541832744870000,  23.60000,  39.59498783333333400000, -104.82016333333333000000
   406,   2.10033006724214170000,  21.70000,  39.59498572222222600000, -104.82027055555555000000
   407,   2.10621645498119100000,  19.90000,  39.59498222222223000000, -104.82038075000000000000
   408,   2.11133900894961600000,  18.00000,  39.59498155555555600000, -104.82047672222222000000
   409,   2.11571441590839450000,  16.20000,  39.59497683333333400000, -104.82055847222222000000
   410,   2.11963760901457830000,  13.70000,  39.59497913888889000000, -104.82063191666666000000
   411,   2.12356220616552040000,  13.00000,  39.59498141666667000000, -104.82070538888888000000
   412,   2.12733169317001200000,  16.80000,  39.59497816666667000000, -104.82077588888889000000
   413,   2.13262343734841630000,  21.10000,  39.59498305555556000000, -104.82087483333333000000
   414,   2.13895151312683700000,  24.90000,  39.59497947222223000000, -104.82099330555555000000
   415,   2.14679933395734200000,  29.20000,  39.59498405555556000000, -104.82114022222221000000
   416,   2.15584239105717800000,  32.30000,  39.59498569444444600000, -104.82130963888889000000
   417,   2.16548668182500230000,  36.00000,  39.59498586111111000000, -104.82149033333333000000
   418,   2.17589418522976660000,  39.10000,  39.59499011111111600000, -104.82168525000000000000
   419,   2.18749880913813840000,  42.30000,  39.59499141666666600000, -104.82190266666666000000
   420,   2.20030446820515200000,  44.70000,  39.59498980555556000000, -104.82214258333333000000
   421,   2.21327109806080460000,  46.60000,  39.59499372222223000000, -104.82238547222222000000
   422,   2.22667841313832000000,  48.50000,  39.59499063888889500000, -104.82263663888888000000
   423,   2.24085513604419700000,  50.30000,  39.59499855555555600000, -104.82290205555555000000
   424,   2.25562033819155470000,  51.60000,  39.59499808333334000000, -104.82317869444444000000
   425,   2.27038554043916600000,  53.40000,  39.59499761111111000000, -104.82345533333333000000
   426,   2.28575324303324500000,  54.70000,  39.59499563888889000000, -104.82374324999999000000
   427,   2.30129604869902860000,  54.70000,  39.59500619444444400000, -104.82403413888889000000
   428,   2.31683728137012370000,  55.30000,  39.59501672222222600000, -104.82432500000000000000
   429,   2.33236498242838140000,  55.30000,  39.59502030555556000000, -104.82461588888889000000
   430,   2.34790769292763400000,  55.90000,  39.59503083333333000000, -104.82490677777777000000
   431,   2.36387560827289130000,  55.90000,  39.59503436111111000000, -104.82520591666666000000
   432,   2.37940330539401100000,  55.90000,  39.59503794444445000000, -104.82549680555555000000
   433,   2.39553015970959170000,  56.50000,  39.59504008333334000000, -104.82579894444444000000
   434,   2.41089637038375100000,  56.50000,  39.59503811111111600000, -104.82608683333333000000
   435,   2.42686576648013800000,  56.50000,  39.59504163888889400000, -104.82638600000000000000
   436,   2.44299111998692760000,  56.50000,  39.59504375000000000000, -104.82668811111111000000
   437,   2.45896048570122260000,  55.90000,  39.59504725000000000000, -104.82698727777777000000
   438,   2.47450319019225000000,  55.30000,  39.59505777777778000000, -104.82727816666666000000
   439,   2.48986938010510930000,  54.70000,  39.59505583333333000000, -104.82756605555555000000
   440,   2.50523881261061640000,  54.70000,  39.59506080555555500000, -104.82785394444444000000
   441,   2.52000548848724160000,  54.10000,  39.59506030555555600000, -104.82813061111110000000
   442,   2.53521250288878400000,  54.10000,  39.59505975000000400000, -104.82841552777778000000
   443,   2.54997917898952760000,  53.40000,  39.59505925000000600000, -104.82869219444444000000
   444,   2.56475102368540000000,  52.20000,  39.59506569444445000000, -104.82896883333333000000
   445,   2.57951621593402900000,  51.60000,  39.59506519444444500000, -104.82924547222221000000
   446,   2.59368255871802000000,  51.00000,  39.59506616666667000000, -104.82951088888889000000
   447,   2.60784741872592460000,  50.30000,  39.59506713888889000000, -104.82977627777777000000
   448,   2.62220223507095930000,  50.30000,  39.59508058333333500000, -104.83004466666667000000
   449,   2.63636709214336200000,  51.00000,  39.59508155555556000000, -104.83031005555556000000
   450,   2.65054231505179100000,  51.00000,  39.59508947222223000000, -104.83057544444443000000
   451,   2.66470865289071360000,  51.60000,  39.59509044444444500000, -104.83084086111111000000
   452,   2.67888387399013260000,  51.60000,  39.59509836111111000000, -104.83110624999999000000
   453,   2.69365054189355700000,  52.20000,  39.59509786111111400000, -104.83138291666667000000
   454,   2.70782568777969700000,  52.20000,  39.59510575000000000000, -104.83164830555555000000
   455,   2.72259087152449300000,  52.20000,  39.59510525000000000000, -104.83192494444444000000
   456,   2.73719898879655500000,  52.20000,  39.59510613888889500000, -104.83219863888888000000
   457,   2.75196417245878900000,  52.80000,  39.59510563888889000000, -104.83247527777777000000
   458,   2.76657665218916000000,  52.80000,  39.59509958333334000000, -104.83274894444445000000
   459,   2.78134997024712800000,  53.40000,  39.59510602777778000000, -104.83302561111111000000
   460,   2.79671616635243200000,  53.40000,  39.59510405555556000000, -104.83331350000000000000
   461,   2.81132280129456640000,  54.10000,  39.59510494444444400000, -104.83358716666666000000
   462,   2.82669049726309530000,  53.40000,  39.59510294444445000000, -104.83387508333333000000
   463,   2.84145568160419200000,  52.20000,  39.59510244444445000000, -104.83415172222222000000
   464,   2.85562053422423870000,  51.60000,  39.59510341666667000000, -104.83441711111111000000
   465,   2.87039379392404700000,  51.00000,  39.59510983333334000000, -104.83469377777777000000
   466,   2.88455864503922700000,  50.30000,  39.59511080555556000000, -104.83495916666666000000
   467,   2.89812796600044950000,  49.70000,  39.59510627777778000000, -104.83521333333333000000
   468,   2.91213759093575100000,  49.10000,  39.59510169444444500000, -104.83547575000000000000
   469,   2.92570288285813500000,  49.10000,  39.59510413888889000000, -104.83572988888888000000
   470,   2.93926815061896240000,  49.70000,  39.59510655555556000000, -104.83598402777777000000
   471,   2.95359299660081740000,  51.00000,  39.59510611111111400000, -104.83625241666667000000
   472,   2.96775784847341300000,  51.60000,  39.59510708333334000000, -104.83651780555554000000
   473,   2.98208269434656260000,  51.60000,  39.59510663888889000000, -104.83678619444444000000
   474,   2.99641452391506120000,  51.60000,  39.59511313888889000000, -104.83705458333333000000
   475,   3.01073788197435950000,  51.60000,  39.59511272222222500000, -104.83732294444444000000
   476,   3.02566372984461470000,  52.20000,  39.59511080555556000000, -104.83760258333332000000
   477,   3.03998857495177650000,  52.20000,  39.59511036111111000000, -104.83787097222222000000
   478,   3.05491786681469830000,  52.20000,  39.59511538888889000000, -104.83815061111110000000
   479,   3.06924122838758400000,  52.80000,  39.59511494444445000000, -104.83841897222221000000
   480,   3.08400789276931950000,  52.80000,  39.59511444444445000000, -104.83869563888888000000
   481,   3.09893570156420300000,  52.80000,  39.59511947222222000000, -104.83897524999999000000
   482,   3.11386154798661600000,  53.40000,  39.59511755555556000000, -104.83925488888889000000
   483,   3.12862821641848000000,  53.40000,  39.59511702777778000000, -104.83953155555555000000
   484,   3.14399759275828930000,  54.10000,  39.59512197222222000000, -104.83981944444444000000
   485,   3.15876277305908950000,  54.10000,  39.59512147222222500000, -104.84009608333332000000
   486,   3.17352944065935860000,  53.40000,  39.59512094444444600000, -104.84037275000000000000
   487,   3.18889565055963460000,  53.40000,  39.59511894444444400000, -104.84066063888888000000
   488,   3.20350227445862800000,  53.40000,  39.59511980555555500000, -104.84093430555555000000
   489,   3.21826894241208670000,  53.40000,  39.59511927777778000000, -104.84121097222221000000
   490,   3.23363831825559400000,  54.10000,  39.59512422222222500000, -104.84149886111110000000
   491,   3.24825079408471400000,  54.10000,  39.59511816666666600000, -104.84177252777778000000
   492,   3.26362165240067000000,  54.10000,  39.59512311111111400000, -104.84206044444444000000
   493,   3.27898786182295550000,  53.40000,  39.59512111111111000000, -104.84234833333333000000
   494,   3.29359448526554700000,  52.80000,  39.59512197222222000000, -104.84262199999999000000
   495,   3.30836115275897360000,  52.20000,  39.59512144444444500000, -104.84289866666666000000
   496,   3.32236813018330860000,  51.60000,  39.59512377777778000000, -104.84316108333333000000
   497,   3.33713331470577670000,  51.60000,  39.59512325000000000000, -104.84343772222222000000
   498,   3.35129963672310100000,  51.00000,  39.59512419444444500000, -104.84370313888888000000
   499,   3.36530930143807930000,  50.30000,  39.59511958333333600000, -104.84396555555556000000
   500,   3.37948436945757200000,  50.30000,  39.59512744444444400000, -104.84423094444443000000
   501,   3.39364920804420930000,  49.70000,  39.59512838888889000000, -104.84449633333332000000
   502,   3.40781552901480420000,  49.70000,  39.59512933333333000000, -104.84476174999999000000
   503,   3.42138076844739000000,  48.50000,  39.59513172222223000000, -104.84501588888888000000
   504,   3.43494751330885800000,  47.80000,  39.59513413888889000000, -104.84527005555555000000
   505,   3.44851277521910270000,  47.80000,  39.59513655555555500000, -104.84552419444444000000
   506,   3.46147827645379600000,  48.50000,  39.59513350000000000000, -104.84576708333333000000
   507,   3.47488565704682500000,  47.80000,  39.59513033333334000000, -104.84601825000000000000
   508,   3.48845240217919940000,  47.80000,  39.59513275000000500000, -104.84627241666666000000
   509,   3.50141892609858100000,  47.80000,  39.59513661111111600000, -104.84651530555556000000
   510,   3.51498567000652340000,  47.80000,  39.59513902777778000000, -104.84676947222222000000
   511,   3.52855350326544360000,  47.80000,  39.59513450000000000000, -104.84702361111111000000
   512,   3.54211874168972800000,  48.50000,  39.59513688888889000000, -104.84727774999999000000
   513,   3.55508678661996850000,  48.50000,  39.59514077777778000000, -104.84752066666667000000
   514,   3.56925161380719500000,  49.10000,  39.59514169444445000000, -104.84778605555555000000
   515,   3.58265896172933340000,  49.10000,  39.59513855555556000000, -104.84803722222222000000
   516,   3.59622568184574500000,  49.10000,  39.59514094444444500000, -104.84829138888888000000
   517,   3.60979351473094400000,  48.50000,  39.59513641666667000000, -104.84854552777777000000
   518,   3.62335875278212160000,  49.10000,  39.59513880555556000000, -104.84879966666666000000
   519,   3.63752507163097800000,  49.70000,  39.59513975000000000000, -104.84906508333333000000
   520,   3.65153477686239870000,  50.30000,  39.59513511111111000000, -104.84932750000000000000
   521,   3.66569961388692040000,  51.00000,  39.59513605555556000000, -104.84959288888888000000
   522,   3.67986592461499430000,  51.60000,  39.59513697222222000000, -104.84985830555556000000
   523,   3.69463111118861800000,  51.60000,  39.59513641666667000000, -104.85013494444443000000
   524,   3.70863808559726700000,  52.20000,  39.59513875000000400000, -104.85039736111110000000
   525,   3.72340327179414600000,  52.20000,  39.59513819444444500000, -104.85067400000000000000
   526,   3.73800988398412900000,  52.20000,  39.59513902777778000000, -104.85094766666666000000
   527,   3.75277654785696060000,  52.20000,  39.59513850000000400000, -104.85122433333333000000
   528,   3.76678349995635300000,  51.60000,  39.59514080555556000000, -104.85148674999999000000
   529,   3.78139608238765450000,  51.60000,  39.59513469444445000000, -104.85176041666666000000
   530,   3.79540305714311140000,  50.30000,  39.59513702777778000000, -104.85202283333332000000
   531,   3.80941276292258300000,  49.10000,  39.59513238888889000000, -104.85228525000000000000
   532,   3.82282089629390940000,  47.20000,  39.59513616666667000000, -104.85253641666667000000
   533,   3.83562656255533800000,  46.00000,  39.59513450000000000000, -104.85277633333332000000
   534,   3.84828296301429400000,  45.40000,  39.59512725000000400000, -104.85301327777778000000
   535,   3.86108864827021700000,  45.40000,  39.59512555555555500000, -104.85325319444443000000
   536,   3.87389431648595200000,  45.40000,  39.59512388888889000000, -104.85349311111110000000
   537,   3.88609902828906000000,  45.40000,  39.59512366666666600000, -104.85372177777778000000
   538,   3.89890323167436930000,  46.00000,  39.59512197222222000000, -104.85396166666666000000
   539,   3.91248422594284300000,  46.60000,  39.59513130555555400000, -104.85421583333333000000
   540,   3.92545075013143570000,  47.20000,  39.59513516666667000000, -104.85445872222222000000
   541,   3.93885813040190800000,  47.80000,  39.59513200000000000000, -104.85470988888888000000
   542,   3.95182514618001160000,  47.20000,  39.59512891666667000000, -104.85495280555556000000
   543,   3.96539038569316030000,  47.80000,  39.59513130555555400000, -104.85520694444443000000
   544,   3.97835839216149220000,  46.00000,  39.59513516666667000000, -104.85544986111111000000
   545,   3.99072714625138300000,  43.50000,  39.59514047222222600000, -104.85568149999999000000
   546,   4.00294177924606500000,  42.30000,  39.59513333333334000000, -104.85591016666666000000
   547,   4.01454635014818350000,  42.30000,  39.59513458333333000000, -104.85612758333333000000
   548,   4.02630924181802600000,  43.50000,  39.59513444444445000000, -104.85634797222221000000
   549,   4.03927625714049300000,  44.70000,  39.59513136111111500000, -104.85659088888889000000
   550,   4.05164501190657500000,  46.00000,  39.59513666666667000000, -104.85682252777777000000
   551,   4.06461202681482600000,  46.00000,  39.59513358333333600000, -104.85706544444444000000
   552,   4.07757755990403900000,  45.40000,  39.59513050000000000000, -104.85730833333332000000
   553,   4.08978227054766700000,  44.10000,  39.59513027777778000000, -104.85753700000000000000
   554,   4.10214759126315700000,  43.50000,  39.59512866666667000000, -104.85776866666666000000
   555,   4.11451142973295500000,  44.10000,  39.59512705555556000000, -104.85800030555555000000
   556,   4.12687676839791350000,  46.00000,  39.59512541666667000000, -104.85823197222221000000
   557,   4.13984329368394800000,  48.50000,  39.59512927777778000000, -104.85847486111110000000
   558,   4.15416813921796000000,  51.00000,  39.59512880555556000000, -104.85874324999999000000
   559,   4.16909733857503300000,  53.40000,  39.59513377777778000000, -104.85902288888889000000
   560,   4.18386253092859200000,  54.10000,  39.59513319444444000000, -104.85929952777778000000
   561,   4.19879177349548900000,  53.40000,  39.59513819444444500000, -104.85957916666666000000
   562,   4.21416990057064900000,  54.10000,  39.59512919444444600000, -104.85986705555555000000
   563,   4.22909914399572600000,  54.10000,  39.59513419444445000000, -104.86014669444444000000
   564,   4.24446686839738100000,  54.10000,  39.59513213888889000000, -104.86043461111110000000
   565,   4.25967388267790700000,  53.40000,  39.59513150000000000000, -104.86071952777777000000
   566,   4.27443907551571900000,  53.40000,  39.59513091666667000000, -104.86099616666667000000
   567,   4.28905166002233600000,  52.80000,  39.59512480555556000000, -104.86126983333332000000
   568,   4.30381685428138600000,  51.60000,  39.59512422222222500000, -104.86154647222222000000
   569,   4.31782380925662400000,  51.00000,  39.59512652777778000000, -104.86180888888889000000
   570,   4.33183356105900800000,  49.70000,  39.59512186111111000000, -104.86207130555555000000
   571,   4.34584326989205200000,  49.10000,  39.59511722222222000000, -104.86233372222222000000
   572,   4.35925136907671000000,  47.80000,  39.59512097222222600000, -104.86258488888889000000
   573,   4.37281806948095000000,  46.60000,  39.59512333333333000000, -104.86283905555555000000
   574,   4.38562375545729500000,  46.00000,  39.59512163888889000000, -104.86307897222221000000
   575,   4.39842944174696450000,  46.00000,  39.59511994444445000000, -104.86331888888888000000
   576,   4.41123514598818700000,  46.60000,  39.59511822222222600000, -104.86355880555556000000
   577,   4.42420163338964800000,  47.20000,  39.59512205555556000000, -104.86380169444443000000
   578,   4.43701190663917100000,  47.80000,  39.59512730555556000000, -104.86404161111110000000
   579,   4.45058131315860200000,  47.80000,  39.59512272222222000000, -104.86429577777777000000
   580,   4.46398872719424040000,  48.50000,  39.59511952777778000000, -104.86454694444444000000
   581,   4.47815355028747600000,  49.10000,  39.59512041666667000000, -104.86481233333333000000
   582,   4.49156093340065700000,  49.70000,  39.59511725000000000000, -104.86506349999999000000
   583,   4.50573592870987000000,  50.30000,  39.59512508333333600000, -104.86532888888888000000
   584,   4.51990223324980100000,  51.00000,  39.59512597222223000000, -104.86559430555555000000
   585,   4.53391198516540950000,  51.60000,  39.59512130555556000000, -104.86585672222222000000
   586,   4.54852462710912900000,  50.30000,  39.59511516666666600000, -104.86613038888888000000
   587,   4.56269962284234800000,  49.70000,  39.59512300000000000000, -104.86639577777777000000
   588,   4.57610772091284450000,  49.10000,  39.59512675000000600000, -104.86664694444444000000
   589,   4.59011465375080000000,  49.10000,  39.59512902777778000000, -104.86690936111110000000
   590,   4.60412158613007000000,  49.10000,  39.59513130555555400000, -104.86717177777777000000
   591,   4.61752968260063850000,  49.10000,  39.59513505555556000000, -104.86742294444444000000
   592,   4.63095556913906850000,  49.10000,  39.59514575000000000000, -104.86767411111110000000
   593,   4.64436366282527050000,  47.20000,  39.59514950000000500000, -104.86792527777777000000
   594,   4.65778954658446100000,  45.40000,  39.59516019444444600000, -104.86817644444444000000
   595,   4.66983437862229300000,  44.10000,  39.59516133333334000000, -104.86840211111111000000
   596,   4.68188069302332600000,  44.10000,  39.59516247222223000000, -104.86862780555555000000
   597,   4.69468490690585500000,  44.10000,  39.59516075000000500000, -104.86886769444443000000
   598,   4.70673122140791800000,  42.90000,  39.59516188888889000000, -104.86909338888888000000
   599,   4.71801850391975600000,  42.30000,  39.59515897222222000000, -104.86930483333333000000
   600,   4.73006973789904300000,  42.30000,  39.59515316666667000000, -104.86953050000000000000
   601,   4.74151679540003700000,  42.30000,  39.59515580555556000000, -104.86974494444443000000
   602,   4.75356802992673360000,  41.60000,  39.59515000000000400000, -104.86997061111110000000
   603,   4.76518594631822200000,  41.00000,  39.59515816666667000000, -104.87018802777777000000
   604,   4.77663545933332300000,  41.00000,  39.59515383333333500000, -104.87040247222221000000
   605,   4.78808100400168800000,  41.00000,  39.59515644444445000000, -104.87061688888888000000
   606,   4.79892792527937400000,  40.40000,  39.59515361111111500000, -104.87082008333333000000
   607,   4.81037595695795500000,  41.00000,  39.59514927777778000000, -104.87103450000000000000
   608,   4.82182547143540800000,  41.00000,  39.59514494444445000000, -104.87124894444443000000
   609,   4.83344338866948200000,  42.30000,  39.59515311111112000000, -104.87146636111110000000
   610,   4.84564809790528400000,  43.50000,  39.59515286111111000000, -104.87169502777778000000
   611,   4.85769933294164900000,  44.10000,  39.59514705555556000000, -104.87192069444444000000
   612,   4.87050954755224000000,  44.10000,  39.59515227777778000000, -104.87216061111110000000
   613,   4.88271425693427900000,  44.70000,  39.59515202777778000000, -104.87238927777777000000
   614,   4.89551995526857700000,  44.10000,  39.59515030555555600000, -104.87262919444444000000
   615,   4.90772466785636700000,  43.50000,  39.59515002777778000000, -104.87285786111110000000
   616,   4.91932922189339300000,  42.30000,  39.59515125000000000000, -104.87307527777777000000
   617,   4.93153393145579200000,  41.60000,  39.59515100000000000000, -104.87330394444444000000
   618,   4.94298344564990200000,  41.00000,  39.59514666666667000000, -104.87351838888888000000
   619,   4.95458800024772000000,  42.30000,  39.59514788888889000000, -104.87373580555555000000
   620,   4.96619255464025700000,  41.60000,  39.59514911111111000000, -104.87395322222221000000
   621,   4.97779710883022800000,  41.60000,  39.59515033333333600000, -104.87417063888888000000
   622,   4.98924514104798340000,  41.60000,  39.59514600000000000000, -104.87438505555555000000
   623,   5.00086296533261200000,  41.00000,  39.59515413888889400000, -104.87460247222222000000
   624,   5.01231247901035500000,  39.80000,  39.59514980555556000000, -104.87481691666666000000
   625,   5.02331784683560300000,  37.90000,  39.59515250000000500000, -104.87502308333333000000
   626,   5.03356152303297900000,  36.00000,  39.59515111111111500000, -104.87521500000000000000
   627,   5.04320578572683400000,  34.80000,  39.59515119444445000000, -104.87539569444444000000
   628,   5.05269736190298900000,  34.20000,  39.59514575000000000000, -104.87557338888888000000
   629,   5.06234014274890400000,  34.20000,  39.59514583333333000000, -104.87575405555555000000
   630,   5.07198440617599100000,  34.80000,  39.59514591666667000000, -104.87593475000000000000
   631,   5.08162718699879800000,  34.80000,  39.59514600000000000000, -104.87611541666666000000
   632,   5.09128362747783600000,  34.80000,  39.59515302777778000000, -104.87629611111110000000
   633,   5.10092788990726300000,  34.20000,  39.59515311111112000000, -104.87647680555555000000
   634,   5.10997085498019100000,  32.90000,  39.59515466666666600000, -104.87664622222222000000
   635,   5.11901530233793000000,  31.10000,  39.59515622222222000000, -104.87681566666666000000
   636,   5.12790321892810700000,  30.40000,  39.59515225000000500000, -104.87698211111110000000
   637,   5.13618829598409300000,  31.10000,  39.59514972222222400000, -104.87713730555555000000
   638,   5.14463424084957600000,  30.40000,  39.59515275000000400000, -104.87729549999999000000
   639,   5.15291927772872900000,  29.80000,  39.59515025000000000000, -104.87745069444443000000
   640,   5.16136522253085200000,  29.20000,  39.59515327777778000000, -104.87760888888889000000
   641,   5.16965029946445600000,  29.20000,  39.59515075000000000000, -104.87776408333333000000
   642,   5.17733338800353100000,  28.60000,  39.59514972222222400000, -104.87790802777778000000
   643,   5.18561846535982300000,  29.20000,  39.59514719444444000000, -104.87806322222221000000
   644,   5.19408980863494900000,  29.20000,  39.59515716666667000000, -104.87822141666666000000
   645,   5.20177291439131800000,  29.20000,  39.59515611111111600000, -104.87836536111111000000
   646,   5.21024277889368800000,  28.60000,  39.59516608333334000000, -104.87852352777777000000
   647,   5.21812532924785300000,  27.30000,  39.59517752777778000000, -104.87867047222221000000
   648,   5.22520770678205500000,  26.70000,  39.59517797222222400000, -104.87880316666666000000
   649,   5.23229155880938800000,  25.50000,  39.59517838888889000000, -104.87893588888888000000
   650,   5.23939205326245800000,  24.90000,  39.59518575000000000000, -104.87906858333332000000
   651,   5.24647442996006100000,  24.20000,  39.59518619444444500000, -104.87920127777777000000
   652,   5.25295760287742000000,  23.60000,  39.59518808333333000000, -104.87932272222221000000
   653,   5.26003997933741500000,  24.90000,  39.59518852777778000000, -104.87945541666666000000
   654,   5.26714195155020400000,  27.30000,  39.59519588888889000000, -104.87958813888888000000
   655,   5.27498951846895300000,  28.60000,  39.59520038888889000000, -104.87973505555554000000
   656,   5.28268448879582700000,  28.00000,  39.59520627777778000000, -104.87987902777778000000
   657,   5.29053205454416450000,  26.70000,  39.59521077777778000000, -104.88002594444444000000
   658,   5.29821513645252600000,  26.10000,  39.59520975000000000000, -104.88016988888889000000
   659,   5.30529898524252800000,  25.50000,  39.59521016666667000000, -104.88030261111110000000
   660,   5.31238135141793400000,  23.60000,  39.59521058333333000000, -104.88043530555555000000
   661,   5.31810608080442500000,  21.10000,  39.59520841666667000000, -104.88054252777778000000
   662,   5.32399213997974650000,  18.60000,  39.59521180555556000000, -104.88065272222221000000
   663,   5.32819673043575000000,  16.20000,  39.59522652777778000000, -104.88072916666665000000
   664,   5.33287415170753900000,  16.20000,  39.59526911111111500000, -104.88079736111110000000
   665,   5.33701254008855000000,  16.80000,  39.59532163888889000000, -104.88083480555555000000
   666,   5.34186370894047700000,  18.60000,  39.59539100000000000000, -104.88084975000000000000
   667,   5.34809817522208150000,  21.70000,  39.59548136111111000000, -104.88084819444444000000
   668,   5.35480979401679800000,  24.20000,  39.59557863888889000000, -104.88084661111111000000
   669,   5.36238170331072000000,  27.30000,  39.59568838888889000000, -104.88084802777777000000
   670,   5.37043459615112100000,  29.20000,  39.59580511111111000000, -104.88084944444444000000
   671,   5.37925866166123700000,  29.80000,  39.59593288888889000000, -104.88085683333333000000
   672,   5.38769776448432000000,  30.40000,  39.59605516666666600000, -104.88086125000000000000
   673,   5.39661190974372000000,  29.80000,  39.59618433333333000000, -104.88086563888888000000
   674,   5.40466480326902850000,  29.20000,  39.59630105555556000000, -104.88086705555556000000
   675,   5.41310199098302800000,  28.60000,  39.59642330555556000000, -104.88087147222221000000
   676,   5.42115296856324200000,  26.70000,  39.59654000000000500000, -104.88087288888889000000
   677,   5.42778259528892400000,  23.00000,  39.59663580555556000000, -104.88088255555554000000
   678,   5.43354267150182900000,  18.60000,  39.59671913888889000000, -104.88088922222222000000
   679,   5.43843342267379450000,  14.30000,  39.59678997222222600000, -104.88089294444444000000
   680,   5.44193751327712950000,  12.40000,  39.59683991666667000000, -104.88090488888888000000
   681,   5.44544160382732700000,  13.70000,  39.59688986111111600000, -104.88091683333333000000
   682,   5.44957997060420200000,  14.30000,  39.59694238888889000000, -104.88095427777778000000
   683,   5.45355743979120000000,  13.00000,  39.59698791666667000000, -104.88100000000000000000
   684,   5.45689990791859900000,  13.70000,  39.59701252777778000000, -104.88105394444443000000
   685,   5.46124646272437000000,  16.20000,  39.59703419444445000000, -104.88113041666666000000
   686,   5.46653792930763700000,  18.60000,  39.59703905555555500000, -104.88122936111111000000
   687,   5.47246347784761100000,  21.70000,  39.59704936111111000000, -104.88133958333333000000
   688,   5.47895444198009800000,  23.60000,  39.59704433333333600000, -104.88146102777777000000
   689,   5.48588690423457000000,  24.20000,  39.59703922222222000000, -104.88159074999999000000
   690,   5.49298333017203300000,  24.20000,  39.59703269444444400000, -104.88172344444443000000
   691,   5.50006699328736300000,  23.60000,  39.59703311111112000000, -104.88185616666667000000
   692,   5.50655003290924500000,  23.00000,  39.59703502777778000000, -104.88197761111111000000
   693,   5.51304110106383850000,  21.70000,  39.59702997222222400000, -104.88209905555554000000
   694,   5.51936914177812800000,  20.50000,  39.59702633333334000000, -104.88221752777777000000
   695,   5.52512618715876800000,  19.30000,  39.59701722222223000000, -104.88232475000000000000
   696,   5.53024860881720600000,  19.90000,  39.59701652777778000000, -104.88242072222222000000
   697,   5.53600565499908600000,  19.90000,  39.59700741666667000000, -104.88252794444443000000
   698,   5.54172875454200600000,  18.60000,  39.59700525000000000000, -104.88263513888889000000
   699,   5.54625083997442750000,  16.20000,  39.59700602777778000000, -104.88271986111110000000
   700,   5.55077292535695800000,  14.30000,  39.59700680555556000000, -104.88280458333332000000
   701,   5.55417397061295300000,  11.20000,  39.59701744444445000000, -104.88286680555555000000
   702,   5.55702042277191750000,   8.70000,  39.59702958333334000000, -104.88291777777778000000
   703,   5.55976439595168100000,   7.50000,  39.59703477777778000000, -104.88296874999999000000
   704,   5.56180353970089200000,   8.70000,  39.59704286111111000000, -104.88300550000000000000
   705,   5.56454751236581750000,  12.40000,  39.59704805555556000000, -104.88305647222222000000
   706,   5.56851951194983800000,  14.90000,  39.59705722222222600000, -104.88312994444443000000
   707,   5.57304159400394800000,  17.40000,  39.59705800000000400000, -104.88321466666666000000
   708,   5.57833305878323600000,  19.30000,  39.59706286111111000000, -104.88331361111110000000
   709,   5.58405763580649950000,  20.50000,  39.59706069444444400000, -104.88342083333335000000
   710,   5.58994346265932000000,  21.10000,  39.59706405555555600000, -104.88353102777778000000
   711,   5.59627150027720900000,  21.10000,  39.59706041666667000000, -104.88364950000000000000
   712,   5.60215880854838300000,  19.90000,  39.59706377777778000000, -104.88375972222222000000
   713,   5.60730656708063350000,  19.30000,  39.59705613888889000000, -104.88385566666668000000
   714,   5.61303114465616650000,  17.40000,  39.59705397222223000000, -104.88396288888890000000
   715,   5.61773318934902200000,  15.50000,  39.59706027777778000000, -104.88405061111112000000
   716,   5.62165759298443100000,  12.40000,  39.59706252777778000000, -104.88412408333333000000
   717,   5.62482083325659900000,   9.30000,  39.59706072222222400000, -104.88418330555557000000
