92056
     2,   0.01508653657270949700,  55.90000,  39.61425366666667000000, -104.81502791666666000000
     3,   0.02948334743888752400,  55.90000,  39.61440108333333400000, -104.81521888888890000000
     4,   0.04383533546184287000,  54.10000,  39.61454986111111500000, -104.81540688888889000000
     5,   0.05892449665084658500,  53.40000,  39.61470275000000000000, -104.81560911111112000000
     6,   0.07327782520434196000,  53.40000,  39.61485155555556000000, -104.81579711111111000000
     7,   0.08801553058990084000,  53.40000,  39.61500588888889000000, -104.81598808333334000000
     8,   0.10203016737676152000,  52.20000,  39.61514775000000000000, -104.81617608333333000000
     9,   0.11638345160445421000,  51.60000,  39.61529655555556000000, -104.81636408333333000000
    10,   0.13039672051027598000,  51.00000,  39.61543838888889000000, -104.81655208333333000000
    11,   0.14474893997250277000,  50.30000,  39.61558719444444400000, -104.81674005555556000000
    12,   0.15948759658167883000,  51.00000,  39.61574152777778000000, -104.81693105555556000000
    13,   0.17350188380294163000,  51.60000,  39.61589180555555600000, -104.81710777777778000000
    14,   0.18898064686332683000,  53.40000,  39.61605863888889000000, -104.81730175000000000000
    15,   0.20481645680773566000,  55.30000,  39.61623238888889000000, -104.81749569444445000000
    16,   0.22065466924642010000,  55.90000,  39.61640616666667000000, -104.81768966666667000000
    17,   0.23688472120246773000,  55.90000,  39.61658547222222600000, -104.81788658333333000000
    18,   0.25241626089535857000,  55.30000,  39.61676072222222400000, -104.81806930555555000000
    19,   0.26825200362153867000,  55.30000,  39.61693447222222000000, -104.81826325000000000000
    20,   0.28378351314798905000,  54.70000,  39.61710972222222400000, -104.81844597222222000000
    21,   0.29931258539468380000,  54.70000,  39.61728494444444000000, -104.81862866666667000000
    22,   0.31484406462682100000,  54.70000,  39.61746019444445000000, -104.81881138888889000000
    23,   0.33008463250363170000,  54.70000,  39.61763688888889000000, -104.81898283333332000000
    24,   0.34571102887326416000,  54.70000,  39.61782052777778000000, -104.81915427777777000000
    25,   0.36083881656522010000,  54.70000,  39.61800711111111000000, -104.81930322222222000000
    85,   0.78134179263801880000,   4.30000,  39.62384222222222000000, -104.82145616666666000000
    86,   0.78484558473612830000,  13.00000,  39.62389216666666400000, -104.82146808333333000000
    87,   0.78973422661436240000,  18.60000,  39.62396008333334000000, -104.82149422222221000000
    88,   0.79558953194247170000,  22.40000,  39.62403900000000000000, -104.82153461111110000000
    89,   0.80317104801291830000,  25.50000,  39.62414288888889000000, -104.82158094444443000000
    90,   0.81075256299968950000,  28.00000,  39.62424677777778000000, -104.82162727777778000000
    91,   0.81961615324753320000,  31.10000,  39.62436872222222000000, -104.82167958333334000000
    92,   0.82852076712645970000,  33.60000,  39.62449202777778000000, -104.82172891666666000000
    93,   0.83916695519959650000,  36.00000,  39.62464030555556000000, -104.82178419444445000000
    94,   0.85031484445644470000,  37.90000,  39.62479269444444400000, -104.82185369444444000000
    95,   0.86146141709848810000,  40.40000,  39.62494505555556000000, -104.82192322222222000000
    96,   0.87347427999392680000,  42.30000,  39.62510991666666600000, -104.82199569444444000000
    97,   0.88703291307415790000,  43.50000,  39.62529125000000400000, -104.82209369444445000000
    98,   0.90015196863910200000,  45.40000,  39.62546566666667000000, -104.82219166666667000000
    99,   0.91303343078366530000,  46.00000,  39.62564302777778000000, -104.82226713888889000000
   100,   0.92656602617423400000,  48.50000,  39.62582297222222400000, -104.82236811111110000000
   101,   0.94067288701612110000,  50.30000,  39.62600702777778000000, -104.82248330555555000000
   102,   0.95521074258703140000,  51.60000,  39.62619800000000000000, -104.82259850000000000000
   103,   0.96992264570968000000,  52.20000,  39.62638750000000000000, -104.82272497222222000000
   104,   0.98487487330286220000,  53.40000,  39.62658402777778000000, -104.82284313888889000000
   105,   1.00084174168620250000,  54.70000,  39.62679158333333600000, -104.82297555555556000000
   106,   1.01680688261166760000,  55.90000,  39.62699911111111000000, -104.82310797222222000000
   107,   1.03277438893752560000,  57.20000,  39.62720666666666600000, -104.82324041666666000000
   108,   1.04976099626297660000,  58.40000,  39.62742522222222000000, -104.82338705555556000000
   109,   1.06591350893845240000,  59.70000,  39.62763130555555000000, -104.82353075000000000000
   110,   1.08332675487221650000,  60.90000,  39.62785680555556000000, -104.82367738888888000000
   111,   1.10051174383741720000,  61.50000,  39.62807391666666500000, -104.82383530555555000000
   112,   1.11749899069850530000,  61.50000,  39.62829247222222000000, -104.82398197222221000000
   113,   1.13551388221650650000,  60.90000,  39.62852205555556000000, -104.82414286111111000000
   114,   1.15208790156182350000,  60.30000,  39.62873505555556000000, -104.82428655555555000000
   115,   1.16907511565110320000,  59.70000,  39.62895361111111500000, -104.82443322222223000000
   116,   1.18588711237442300000,  59.70000,  39.62917366666667000000, -104.82456861111110000000
   117,   1.20246109992839960000,  60.30000,  39.62938666666667000000, -104.82471230555555000000
   118,   1.22006346174572490000,  60.90000,  39.62961069444444500000, -104.82487022222222000000
   119,   1.23747727804887480000,  61.50000,  39.62983619444444400000, -104.82501688888888000000
   120,   1.25489108348055420000,  62.10000,  39.63006169444444000000, -104.82516355555555000000
   121,   1.27249411694303080000,  63.40000,  39.63028572222222600000, -104.82532150000000000000
   122,   1.28989451950643660000,  63.40000,  39.63050983333333500000, -104.82547113888889000000
   123,   1.30730829246106080000,  63.40000,  39.63073533333333400000, -104.82561780555555000000
   124,   1.32532375207765820000,  62.80000,  39.63096491666667000000, -104.82577872222222000000
   125,   1.34292602598545780000,  62.80000,  39.63118894444444600000, -104.82593663888889000000
   126,   1.36033805417457490000,  62.10000,  39.63141441666666500000, -104.82608330555556000000
   127,   1.37794101226352140000,  60.90000,  39.63163844444445000000, -104.82624125000000000000
   128,   1.39451657867422640000,  59.70000,  39.63185147222222000000, -104.82638494444444000000
   129,   1.41109043557519990000,  59.00000,  39.63206447222222600000, -104.82652863888889000000
   130,   1.42786180225492830000,  60.90000,  39.63227600000000000000, -104.82668358333333000000
   131,   1.44486252463707230000,  60.90000,  39.63249594444444000000, -104.82682730555555000000
   132,   1.46163553446574320000,  60.90000,  39.63270750000000000000, -104.82698225000000000000
   133,   1.47923842050435540000,  61.50000,  39.63293152777778000000, -104.82714019444444000000
   134,   1.49642823075872110000,  61.50000,  39.63315000000000000000, -104.82729513888889000000
   135,   1.51361874154325740000,  61.50000,  39.63336847222222000000, -104.82745011111110000000
   136,   1.53081561346455390000,  61.50000,  39.63358830555555600000, -104.82760208333333000000
   137,   1.54759483114670520000,  59.70000,  39.63380125000000000000, -104.82775405555554000000
   138,   1.56396097329514520000,  57.80000,  39.63400861111111000000, -104.82790308333333000000
   139,   1.58032638466514050000,  55.90000,  39.63421597222222000000, -104.82805208333333000000
   140,   1.59546528842789200000,  54.10000,  39.63441241666666000000, -104.82817855555555000000
   141,   1.61024337460637760000,  52.80000,  39.63460744444444000000, -104.82829313888888000000
   142,   1.62454165841667400000,  52.20000,  39.63479138888888500000, -104.82841663888888000000
   143,   1.63940228090062520000,  51.60000,  39.63499213888889000000, -104.82851763888888000000
   144,   1.65411579355281010000,  52.80000,  39.63519300000000000000, -104.82861036111110000000
   145,   1.66877872255603380000,  52.20000,  39.63539669444444500000, -104.82868883333333000000
   146,   1.68291624811776420000,  52.20000,  39.63559491666667000000, -104.82875605555556000000
   147,   1.69792829396294590000,  52.80000,  39.63580563888889000000, -104.82882624999999000000
   148,   1.71248258790190460000,  52.20000,  39.63601375000000000000, -104.82887097222222000000
   149,   1.72657588710079800000,  51.60000,  39.63621638888889000000, -104.82890441666666000000
   150,   1.74031232308345190000,  50.30000,  39.63641494444445000000, -104.82892361111111000000
   151,   1.75450376957017330000,  49.70000,  39.63662063888888600000, -104.82892627777777000000
   152,   1.76840624968532400000,  49.10000,  39.63682213888889000000, -104.82892297222222000000
   153,   1.78195235542735330000,  47.80000,  39.63701816666666400000, -104.82890841666666000000
   154,   1.79537769957708180000,  46.60000,  39.63721274999999600000, -104.82890511111111000000
   155,   1.80842099463616620000,  44.70000,  39.63740175000000000000, -104.82889883333333000000
   156,   1.82013090876438400000,  41.60000,  39.63757133333333400000, -104.82888955555555000000
   157,   1.83096623280220250000,  38.50000,  39.63772836111111000000, -104.82888558333333000000
   158,   1.84132252968457650000,  34.80000,  39.63787844444444600000, -104.82888163888889000000
   159,   1.85082160479136570000,  31.70000,  39.63801602777778000000, -104.82887466666666000000
   160,   1.85887451555810120000,  27.30000,  39.63813275000000000000, -104.82887600000000000000
   161,   1.86606527623066660000,  23.00000,  39.63823697222222400000, -104.82887436111110000000
   162,   1.87154582764456220000,  18.60000,  39.63831619444444000000, -104.82886675000000000000
   163,   1.87618742503817030000,  14.90000,  39.63838297222222500000, -104.82885613888888000000
   164,   1.87935374510687740000,   9.30000,  39.63842883333333600000, -104.82885383333333000000
   165,   1.88117927971837550000,   3.70000,  39.63845519444445000000, -104.82885680555555000000
   166,   1.88450174307956940000,   0.00000,  39.63841236111111000000, -104.82882833333333000000
   167,   1.88450174307956940000,   0.00000,  39.63841236111111000000, -104.82882833333333000000
   168,   1.88450174307956940000,   0.00000,  39.63841236111111000000, -104.82882833333333000000
   169,   1.88450174307956940000,   0.00000,  39.63841236111111000000, -104.82882833333333000000
   170,   1.88450174307956940000,   0.00000,  39.63841236111111000000, -104.82882833333333000000
   171,   1.88450174307956940000,   0.00000,  39.63841236111111000000, -104.82882833333333000000
   172,   1.88450174307956940000,   0.00000,  39.63841236111111000000, -104.82882833333333000000
   173,   1.88450174307956940000,   0.00000,  39.63841236111111000000, -104.82882833333333000000
   174,   1.88450174307956940000,   0.00000,  39.63841236111111000000, -104.82882833333333000000
   175,   1.88450174307956940000,   0.00000,  39.63841236111111000000, -104.82882833333333000000
   176,   1.88450174307956940000,   0.00000,  39.63841236111111000000, -104.82882833333333000000
   177,   1.88450174307956940000,   0.00000,  39.63841236111111000000, -104.82882833333333000000
   178,   1.88450174307956940000,   0.00000,  39.63841236111111000000, -104.82882833333333000000
   179,   1.88450174307956940000,   0.00000,  39.63841236111111000000, -104.82882833333333000000
   180,   1.88450174307956940000,   0.00000,  39.63841236111111000000, -104.82882833333333000000
   181,   1.88450174307956940000,   0.00000,  39.63841236111111000000, -104.82882833333333000000
   182,   1.88450174307956940000,   0.00000,  39.63841236111111000000, -104.82882833333333000000
   183,   1.88450174307956940000,   0.00000,  39.63841236111111000000, -104.82882833333333000000
   184,   1.88450174307956940000,   3.70000,  39.63841236111111000000, -104.82882833333333000000
   185,   1.88682063970814500000,  11.20000,  39.63844572222222000000, -104.82882302777777000000
   186,   1.89123448261126610000,  17.40000,  39.63850963888889000000, -104.82882666666666000000
   187,   1.89708842082013860000,  23.00000,  39.63859441666666000000, -104.82882205555555000000
   188,   1.90427920022403300000,  26.70000,  39.63869863888889000000, -104.82882038888889000000
   189,   1.91282275738305400000,  29.80000,  39.63882236111111000000, -104.82881344444444000000
   190,   1.92173876474233780000,  33.60000,  39.63895155555556000000, -104.82881775000000000000
   191,   1.93209509394135970000,  36.70000,  39.63910163888889000000, -104.82881377777777000000
   192,   1.94283265561844590000,  39.80000,  39.63925727777778000000, -104.82881280555556000000
   193,   1.95452648404203500000,  41.60000,  39.63942677777778000000, -104.82881180555555000000
   194,   1.96671502360507900000,  43.50000,  39.63960330555555000000, -104.82880255555555000000
   195,   1.97928134969532990000,  45.40000,  39.63978538888889000000, -104.82879625000000000000
   196,   1.99280359116863170000,  47.80000,  39.63998133333333000000, -104.82878997222222000000
   197,   2.00670607924181830000,  49.70000,  39.64018283333333400000, -104.82878666666666000000
   198,   2.02108762382985540000,  51.00000,  39.64039127777778000000, -104.82878336111110000000
   199,   2.03546916892839600000,  52.80000,  39.64059972222222000000, -104.82878005555555000000
   200,   2.05071009405566900000,  54.10000,  39.64082063888889000000, -104.82877975000000000000
   201,   2.06633491970580340000,  54.70000,  39.64104711111111400000, -104.82878238888888000000
   202,   2.08168983978588600000,  55.30000,  39.64126950000000000000, -104.82877080555555000000
   203,   2.09779375417135670000,  55.90000,  39.64150291666667000000, -104.82877347222222000000
   204,   2.11314867529401430000,  56.50000,  39.64172530555555000000, -104.82876188888889000000
   205,   2.12925257792184160000,  56.50000,  39.64195872222222000000, -104.82876452777778000000
   206,   2.14535649421121380000,  56.50000,  39.64219213888889000000, -104.82876719444444000000
   207,   2.16156594269515740000,  57.20000,  39.64242700000000000000, -104.82875858333333000000
   208,   2.17766986027863530000,  57.20000,  39.64266041666666500000, -104.82876125000000000000
   209,   2.19388122558947700000,  57.80000,  39.64289530555555500000, -104.82875263888889000000
   210,   2.20998322816674800000,  57.80000,  39.64312869444444000000, -104.82875530555555000000
   211,   2.22619459469949630000,  58.40000,  39.64336358333333000000, -104.82874669444445000000
   212,   2.24316100468009500000,  58.40000,  39.64360947222222400000, -104.82875233333333000000
   213,   2.25937233056202900000,  59.00000,  39.64384436111111400000, -104.82874375000000000000
   214,   2.27633874191354100000,  58.40000,  39.64409025000000000000, -104.82874938888888000000
   215,   2.29255011095571560000,  57.20000,  39.64432513888889000000, -104.82874077777777000000
   216,   2.30817495941086070000,  55.30000,  39.64455161111111000000, -104.82874344444444000000
   217,   2.32341589659341130000,  53.40000,  39.64477252777777500000, -104.82874311111111000000
   218,   2.33817965740173550000,  51.00000,  39.64498652777777500000, -104.82874277777778000000
   219,   2.35159881726728600000,  47.80000,  39.64518100000000000000, -104.82874774999999000000
   220,   2.36454089687085800000,  44.70000,  39.64536855555556000000, -104.82875272222222000000
   221,   2.37700398762095600000,  42.90000,  39.64554916666667000000, -104.82875769444443000000
   222,   2.38908145314136800000,  42.30000,  39.64572422222222000000, -104.82875969444444000000
   223,   2.40067984474250730000,  41.60000,  39.64589233333333600000, -104.82876169444444000000
   224,   2.41228015297115500000,  42.30000,  39.64606047222222400000, -104.82876369444445000000
   225,   2.42435760655744660000,  42.90000,  39.64623552777777600000, -104.82876566666667000000
   226,   2.43643507350004060000,  44.70000,  39.64641058333333500000, -104.82876766666666000000
   227,   2.44937523978063830000,  46.60000,  39.64659811111111000000, -104.82877263888888000000
   228,   2.46279631925840150000,  47.20000,  39.64679261111111000000, -104.82877761111111000000
   229,   2.47612382793482060000,  46.60000,  39.64698569444444600000, -104.82878558333333000000
   230,   2.48906591142827900000,  45.40000,  39.64717325000000000000, -104.82879055555556000000
   231,   2.50153855369174230000,  44.70000,  39.64735375000000000000, -104.82880380555555000000
   232,   2.51392750579816200000,  44.10000,  39.64753288888889000000, -104.82882002777778000000
   233,   2.52640206192408060000,  42.90000,  39.64771341666667000000, -104.82883327777778000000
   234,   2.53787357676662700000,  42.30000,  39.64787861111111000000, -104.82885780555556000000
   235,   2.54979927230445500000,  41.60000,  39.64804925000000000000, -104.82889355555555000000
   236,   2.56127078708214070000,  42.30000,  39.64821444444444000000, -104.82891808333333000000
   237,   2.57319671875758900000,  43.50000,  39.64838508333333000000, -104.82895386111110000000
   238,   2.58512265002450700000,  44.70000,  39.64855572222222000000, -104.82898963888888000000
   239,   2.59746808562902500000,  46.00000,  39.64873044444444600000, -104.82903963888889000000
   240,   2.61069012489431440000,  47.20000,  39.64891766666667000000, -104.82909263888888000000
   241,   2.62350376050780330000,  47.80000,  39.64909933333333000000, -104.82914263888888000000
   242,   2.63764151365992100000,  49.10000,  39.64929755555555600000, -104.82920988888888000000
   243,   2.65136991568364800000,  50.30000,  39.64949025000000000000, -104.82927413888889000000
   244,   2.66550766460498500000,  51.60000,  39.64968847222222000000, -104.82934138888889000000
   245,   2.68022085852390400000,  52.80000,  39.64988933333333400000, -104.82943411111111000000
   246,   2.69529705693738500000,  54.10000,  39.65009858333333000000, -104.82951561111110000000
   247,   2.71046051025088630000,  55.30000,  39.65030636111111000000, -104.82960833333333000000
   248,   2.72659658579429500000,  56.50000,  39.65052513888889000000, -104.82971533333333000000
   249,   2.74242202324236600000,  56.50000,  39.65073552777777600000, -104.82983358333333000000
   250,   2.75824686328920740000,  57.20000,  39.65094591666666400000, -104.82995180555555000000
   251,   2.77407228647052540000,  56.50000,  39.65115630555555000000, -104.83007005555555000000
   252,   2.78948476787874800000,  55.30000,  39.65136116666667000000, -104.83018533333333000000
   253,   2.80462257011850150000,  53.40000,  39.65155758333333000000, -104.83031186111111000000
   254,   2.81933407366448500000,  51.60000,  39.65174708333333000000, -104.83043836111110000000
   255,   2.83362389521953470000,  49.70000,  39.65192966666667000000, -104.83056488888889000000
   256,   2.84770669652042760000,  48.50000,  39.65210519444444500000, -104.83069969444443000000
   257,   2.86179163698564350000,  47.20000,  39.65227936111111000000, -104.83083750000000000000
   258,   2.87465330702471840000,  46.00000,  39.65243547222222000000, -104.83096933333333000000
   259,   2.88777129807577060000,  46.00000,  39.65259013888889000000, -104.83111241666666000000
   260,   2.90128027569582870000,  47.80000,  39.65275172222222000000, -104.83125550000000000000
   261,   2.91505540952574900000,  50.30000,  39.65291183333333400000, -104.83140983333332000000
   262,   2.92885053445178430000,  49.70000,  39.65307055555555000000, -104.83156716666666000000
   263,   2.94343289801493600000,  51.00000,  39.65324177777778000000, -104.83172750000000000000
   264,   2.95792080176829760000,  53.40000,  39.65340461111111000000, -104.83189905555555000000
   265,   2.97347833959648570000,  54.70000,  39.65357844444444000000, -104.83208488888889000000
   266,   2.98903491831263770000,  55.90000,  39.65375227777778000000, -104.83227069444445000000
   267,   3.00456398024534940000,  57.20000,  39.65392747222222000000, -104.83245352777777000000
   268,   3.02049371075365740000,  56.50000,  39.65410825000000000000, -104.83263936111110000000
   269,   3.03535551252254530000,  55.90000,  39.65427800000000000000, -104.83281094444445000000
   270,   3.05059614541049170000,  53.40000,  39.65445466666666600000, -104.83298252777777000000
   271,   3.06536180405360130000,  52.80000,  39.65461738888889000000, -104.83316238888888000000
   272,   3.08049489818495900000,  52.20000,  39.65478705555555000000, -104.83334225000000000000
   273,   3.09526052747742600000,  51.00000,  39.65494977777777000000, -104.83352211111111000000
   274,   3.10963138459401070000,  49.70000,  39.65510694444444000000, -104.83369897222222000000
   275,   3.12262684887182650000,  46.60000,  39.65525455555555000000, -104.83385036111110000000
   276,   3.13525185227356000000,  43.50000,  39.65539525000000000000, -104.83400175000000000000
   277,   3.14748048119323260000,  42.30000,  39.65553038888888400000, -104.83415013888889000000
   278,   3.15827577996739800000,  40.40000,  39.65564758333333400000, -104.83428427777777000000
   279,   3.16903885927714320000,  39.80000,  39.65576613888888600000, -104.83441547222222000000
   280,   3.17944294081737300000,  39.10000,  39.65587777777777500000, -104.83454663888888000000
   281,   3.19057134209809500000,  39.80000,  39.65599347222222000000, -104.83469205555555000000
   282,   3.20168017402194700000,  41.60000,  39.65610216666666000000, -104.83484575000000000000
   283,   3.21321800827958670000,  42.90000,  39.65621502777777600000, -104.83500541666666000000
   284,   3.22547684464348760000,  44.70000,  39.65632633333333000000, -104.83518461111110000000
   285,   3.23804008082124770000,  46.60000,  39.65644455555555000000, -104.83536380555555000000
   286,   3.25113978457048440000,  47.80000,  39.65655291666666000000, -104.83556552777777000000
   287,   3.26502571895336930000,  49.10000,  39.65666536111111000000, -104.83578150000000000000
   288,   3.27891040939884300000,  51.00000,  39.65677780555555600000, -104.83599744444444000000
   289,   3.29370304249894770000,  51.60000,  39.65688730555556000000, -104.83623594444444000000
   290,   3.30825682284034200000,  52.80000,  39.65698986111111000000, -104.83647444444443000000
   291,   3.32346964864944060000,  52.20000,  39.65708391666666400000, -104.83673247222222000000
   292,   3.33828776388842800000,  52.20000,  39.65717808333333500000, -104.83698222222222000000
   293,   3.35310586293113340000,  51.00000,  39.65727225000000000000, -104.83723197222221000000
   294,   3.36742081628337430000,  50.30000,  39.65735391666666500000, -104.83747874999999000000
   295,   3.38155267611585360000,  49.70000,  39.65742863888889000000, -104.83772549999999000000
   296,   3.39540241753908400000,  49.70000,  39.65749783333333000000, -104.83796930555555000000
   297,   3.40963502742388020000,  50.30000,  39.65755861111111000000, -104.83822436111110000000
   298,   3.42348250439657860000,  50.30000,  39.65760688888888600000, -104.83847641666667000000
   299,   3.43729621086781250000,  51.60000,  39.65766777777777500000, -104.83872319444444000000
   300,   3.45207985226997600000,  52.80000,  39.65771875000000000000, -104.83899247222222000000
   301,   3.46673482187394730000,  53.40000,  39.65777113888889000000, -104.83925880555554000000
   302,   3.48147622786497070000,  53.40000,  39.65781091666666000000, -104.83953041666666000000
   303,   3.49588357173301260000,  52.80000,  39.65785772222222000000, -104.83979372222221000000
   304,   3.51040722450842800000,  52.80000,  39.65791147222222400000, -104.84005705555555000000
   305,   3.52518707620917260000,  52.80000,  39.65797077777778000000, -104.84032338888889000000
   306,   3.54010523675881000000,  52.80000,  39.65803702777777000000, -104.84058969444445000000
   307,   3.55448555827064760000,  52.80000,  39.65810472222222000000, -104.84084475000000000000
   308,   3.56972318900367560000,  52.80000,  39.65818480555556000000, -104.84111105555554000000
   309,   3.58423323542200920000,  52.80000,  39.65827341666667000000, -104.84135783333333000000
   310,   3.59924908842185330000,  52.20000,  39.65836052777777000000, -104.84161588888888000000
   311,   3.61345453393816870000,  51.00000,  39.65844355555556000000, -104.84185966666666000000
   312,   3.62747572850586360000,  50.30000,  39.65851966666666000000, -104.84210347222222000000
   313,   3.64185596067423600000,  50.30000,  39.65858736111111000000, -104.84235852777778000000
   314,   3.65602865533047260000,  51.60000,  39.65862863888888500000, -104.84261888888888000000
   315,   3.67068825643403900000,  53.40000,  39.65866147222222000000, -104.84289050000000000000
   316,   3.68548185353363470000,  54.10000,  39.65867480555555600000, -104.84316738888889000000
   317,   3.69879163608891130000,  51.00000,  39.65863975000000000000, -104.84341283333333000000
   318,   3.71273575780724900000,  51.60000,  39.65859075000000000000, -104.84366652777777000000
   319,   3.72736528046173000000,  52.20000,  39.65852777777778000000, -104.84392849999999000000
   320,   3.74248831316623100000,  51.60000,  39.65843847222222000000, -104.84418749999999000000
   321,   3.75744776580516150000,  52.80000,  39.65833675000000000000, -104.84443524999999000000
   322,   3.77283789786463500000,  54.10000,  39.65821144444444000000, -104.84467402777777000000
   323,   3.78847776105563040000,  55.30000,  39.65805580555555600000, -104.84488727777777000000
   324,   3.80442472040429900000,  55.30000,  39.65791663888888500000, -104.84512605555555000000
   325,   3.82008904314947000000,  55.30000,  39.65778438888888500000, -104.84536483333333000000
   326,   3.83657976664345530000,  55.30000,  39.65764375000000000000, -104.84561488888889000000
   327,   3.85224412983927960000,  54.70000,  39.65751150000000000000, -104.84585366666666000000
   328,   3.86790739650081100000,  54.70000,  39.65737927777778000000, -104.84609244444444000000
   329,   3.88357179890084900000,  54.70000,  39.65724702777778000000, -104.84633122222222000000
   330,   3.89944500890056600000,  55.90000,  39.65712580555555000000, -104.84658422222222000000
   331,   3.91525856030993720000,  57.20000,  39.65701011111111000000, -104.84684022222221000000
   332,   3.93188457316676270000,  58.40000,  39.65688602777777000000, -104.84710749999999000000
   333,   3.94877152162383000000,  59.70000,  39.65677852777777400000, -104.84739200000000000000
   334,   3.96565800215360800000,  61.50000,  39.65667099999999600000, -104.84767647222222000000
   335,   3.98351751007281770000,  62.10000,  39.65657302777777500000, -104.84798647222222000000
   336,   4.00059928277271400000,  62.80000,  39.65647791666667000000, -104.84828222222222000000
   337,   4.01827523527609800000,  63.40000,  39.65638130555555600000, -104.84858922222222000000
   338,   4.03660736186070800000,  64.00000,  39.65629991666667000000, -104.84891647222221000000
   339,   4.05430874532890100000,  63.40000,  39.65621441666666400000, -104.84922944444443000000
   340,   4.07171431223522000000,  63.40000,  39.65614280555555400000, -104.84954241666667000000
   341,   4.08959783174977000000,  64.00000,  39.65607663888889000000, -104.84986666666666000000
   342,   4.10682343475347200000,  63.40000,  39.65600638888889000000, -104.85017663888888000000
   343,   4.12459117674304100000,  64.60000,  39.65594713888889000000, -104.85050088888889000000
   344,   4.14242264206664400000,  66.50000,  39.65587541666667000000, -104.85082213888889000000
   345,   4.16085880279194600000,  67.10000,  39.65580222222222000000, -104.85115463888889000000
   346,   4.17947515152906000000,  67.10000,  39.65572763888889000000, -104.85149013888888000000
   347,   4.19819587741935500000,  67.70000,  39.65564058333333000000, -104.85182263888888000000
   348,   4.21755413859588300000,  68.40000,  39.65555761111111000000, -104.85216941666665000000
   349,   4.23642002861189850000,  68.40000,  39.65545805555555600000, -104.85249891666666000000
   350,   4.25546695594297900000,  68.40000,  39.65535155555555500000, -104.85282844444444000000
   351,   4.27511985135115500000,  69.00000,  39.65523250000000000000, -104.85316325000000000000
   352,   4.29403428979778800000,  69.00000,  39.65510250000000000000, -104.85347552777777000000
   353,   4.31352651246173400000,  69.00000,  39.65497105555555600000, -104.85379908333333000000
   354,   4.33272850409603700000,  69.00000,  39.65482855555555400000, -104.85410838888889000000
   355,   4.35224985773419000000,  69.00000,  39.65467361111111000000, -104.85441469444444000000
   356,   4.37151510124828000000,  69.00000,  39.65452555555555000000, -104.85472100000000000000
   357,   4.39111799818467200000,  68.40000,  39.65436505555555000000, -104.85502433333333000000
   358,   4.41055235043936100000,  68.40000,  39.65419350000000000000, -104.85531338888889000000
   359,   4.42998674072687700000,  68.40000,  39.65402197222222000000, -104.85560247222222000000
   360,   4.44888439803872400000,  67.70000,  39.65385191666667000000, -104.85588027777777000000
   361,   4.46831884808957800000,  67.10000,  39.65368038888889000000, -104.85616936111110000000
   362,   4.48712349805177400000,  66.50000,  39.65349930555555600000, -104.85643291666666000000
   363,   4.50579725384899600000,  66.50000,  39.65332377777778000000, -104.85669947222222000000
   364,   4.52440254740498200000,  65.90000,  39.65316063888888500000, -104.85697727777777000000
   365,   4.54276929320911700000,  65.90000,  39.65299205555555000000, -104.85724383333333000000
   366,   4.56127335062250800000,  65.90000,  39.65283447222222400000, -104.85752461111110000000
   367,   4.57964136129362200000,  65.90000,  39.65266586111111000000, -104.85779116666666000000
   368,   4.59824442706169500000,  65.90000,  39.65250275000000000000, -104.85806894444444000000
   369,   4.61661248989089800000,  65.20000,  39.65233413888889000000, -104.85833550000000000000
   370,   4.63483930597079750000,  65.20000,  39.65218350000000000000, -104.85861627777777000000
   371,   4.65290781579519700000,  65.90000,  39.65202183333333000000, -104.85888283333333000000
   372,   4.67162210200951800000,  65.90000,  39.65185313888889000000, -104.85915763888889000000
   373,   4.69022646422043600000,  65.90000,  39.65169000000000000000, -104.85943541666666000000
   374,   4.70800446609329800000,  65.20000,  39.65153525000000000000, -104.85970197222221000000
   375,   4.72671883215730600000,  65.90000,  39.65136655555555500000, -104.85997677777777000000
   376,   4.74532327648996000000,  65.20000,  39.65120341666667000000, -104.86025455555556000000
   377,   4.76309902215392440000,  65.20000,  39.65104869444444000000, -104.86052108333332000000
   378,   4.78160341669170800000,  65.90000,  39.65089111111111000000, -104.86080186111110000000
   379,   4.79992440869834800000,  66.50000,  39.65073488888888400000, -104.86107966666665000000
   380,   4.81852895963708600000,  66.50000,  39.65057175000000000000, -104.86135744444444000000
   381,   4.83713353810789900000,  66.50000,  39.65040861111111000000, -104.86163522222222000000
   382,   4.85555513300529400000,  65.90000,  39.65024683333333400000, -104.86191002777777000000
   383,   4.87415976631205350000,  65.20000,  39.65008369444444000000, -104.86218780555555000000
   384,   4.89222744649461400000,  65.20000,  39.64992202777778000000, -104.86245433333333000000
   385,   4.91011133227237000000,  65.20000,  39.64976172222222000000, -104.86271786111111000000
   386,   4.92788846324353450000,  64.00000,  39.64960697222222000000, -104.86298438888889000000
   387,   4.94607135278855650000,  64.00000,  39.64943975000000000000, -104.86324791666667000000
   388,   4.96330771688284700000,  63.40000,  39.64928650000000000000, -104.86350316666666000000
   389,   4.98108492513973300000,  63.40000,  39.64913175000000000000, -104.86376969444444000000
   390,   4.99886097404415100000,  63.40000,  39.64897700000000000000, -104.86403619444444000000
   391,   5.01609975480858500000,  63.40000,  39.64882372222222500000, -104.86429147222222000000
   392,   5.03333621362689900000,  63.40000,  39.64867047222222000000, -104.86454672222222000000
   393,   5.05111233753787600000,  64.60000,  39.64851572222222000000, -104.86481322222221000000
   394,   5.06879080677075300000,  63.40000,  39.64836652777777500000, -104.86508272222221000000
   395,   5.08656816464161800000,  64.00000,  39.64821177777777500000, -104.86534925000000000000
   396,   5.10434436313834800000,  64.00000,  39.64805702777777400000, -104.86561574999999000000
   397,   5.12212058679805400000,  64.00000,  39.64790227777777400000, -104.86588225000000000000
   398,   5.14018745032390300000,  64.60000,  39.64774061111111000000, -104.86614875000000000000
   399,   5.15796372543369850000,  64.60000,  39.64758586111111000000, -104.86641524999999000000
   400,   5.17584798017159800000,  64.60000,  39.64742555555556000000, -104.86667877777776000000
   401,   5.19391610302545600000,  64.00000,  39.64726386111111400000, -104.86694527777777000000
   402,   5.21187679435364000000,  63.40000,  39.64710774999999600000, -104.86721477777778000000
   403,   5.22983657091161600000,  63.40000,  39.64696400000000000000, -104.86749552777778000000
   404,   5.24751409527852100000,  63.40000,  39.64681480555556000000, -104.86776499999999000000
   405,   5.26565899682767900000,  64.00000,  39.64666966666667000000, -104.86804872222221000000
   406,   5.28386291280065700000,  64.00000,  39.64653694444444000000, -104.86834372222222000000
   407,   5.30175923770985400000,  64.60000,  39.64642225000000000000, -104.86864469444444000000
   408,   5.32026617750527400000,  64.60000,  39.64630052777777500000, -104.86895391666665000000
   409,   5.33894415386794600000,  64.60000,  39.64619677777777400000, -104.86927738888888000000
   410,   5.35704345687710300000,  64.60000,  39.64610558333333000000, -104.86959558333332000000
   411,   5.37483439633318000000,  64.60000,  39.64602825000000000000, -104.86991380555556000000
   412,   5.39262394048536800000,  64.00000,  39.64595091666666000000, -104.87023199999999000000
   413,   5.41045456799135400000,  65.20000,  39.64587913888889000000, -104.87055316666665000000
   414,   5.42884860336978900000,  64.00000,  39.64580033333333400000, -104.87088263888889000000
   415,   5.44655268020491500000,  63.40000,  39.64573547222222000000, -104.87120380555555000000
   416,   5.46434229255409400000,  63.40000,  39.64565813888889000000, -104.87152200000000000000
   417,   5.48126212171387300000,  62.10000,  39.64559616666666400000, -104.87182894444443000000
   418,   5.49885126402962050000,  62.10000,  39.64553825000000000000, -104.87215011111111000000
   419,   5.51603826641853900000,  61.50000,  39.64546238888889000000, -104.87245705555554000000
   420,   5.53326506787178400000,  60.90000,  39.64539205555555400000, -104.87276697222221000000
   421,   5.54984846763396700000,  59.70000,  39.64531766666666400000, -104.87306263888888000000
   422,   5.56586672180217800000,  58.40000,  39.64525030555556000000, -104.87335005555555000000
   423,   5.58140669056966500000,  57.80000,  39.64517194444444000000, -104.87362322222222000000
   424,   5.59634011033112260000,  55.90000,  39.64508950000000000000, -104.87388211111110000000
   425,   5.61187107756507100000,  55.30000,  39.64499999999999600000, -104.87414930555555000000
   426,   5.62703709463167300000,  54.70000,  39.64489952777777400000, -104.87440222222222000000
   427,   5.64243021736574800000,  54.10000,  39.64479208333333600000, -104.87465516666666000000
   428,   5.65724769232566400000,  53.40000,  39.64468613888888600000, -104.87489683333332000000
   429,   5.67230727590614800000,  54.10000,  39.64457325000000000000, -104.87513849999999000000
   430,   5.68718164413539700000,  54.70000,  39.64446175000000000000, -104.87537719444444000000
   431,   5.70286972960443800000,  55.30000,  39.64434183333333600000, -104.87562711111110000000
   432,   5.71849832660847600000,  55.90000,  39.64422747222222000000, -104.87588005555556000000
   433,   5.73475272473310400000,  56.50000,  39.64410608333333400000, -104.87614124999999000000
   434,   5.75038008223096500000,  57.20000,  39.64399172222222500000, -104.87639416666666000000
   435,   5.76681975455570850000,  57.80000,  39.64386894444444000000, -104.87665833333332000000
   436,   5.78332615923814500000,  58.40000,  39.64374061111111000000, -104.87691952777777000000
   437,   5.79935413711879200000,  58.40000,  39.64360822222222000000, -104.87716647222221000000
   438,   5.81586058574069700000,  59.00000,  39.64347988888889000000, -104.87742766666666000000
   439,   5.83262783939561400000,  60.30000,  39.64334463888889000000, -104.87768886111111000000
   440,   5.84976101935862800000,  59.70000,  39.64319688888889000000, -104.87794705555555000000
   441,   5.86689984285691950000,  60.90000,  39.64306152777777500000, -104.87821650000000000000
   442,   5.88340513321147600000,  60.30000,  39.64293319444444600000, -104.87847766666665000000
   443,   5.90054524459366550000,  60.90000,  39.64279783333333000000, -104.87874713888888000000
   444,   5.91761310210822260000,  61.50000,  39.64266802777778000000, -104.87901955555554000000
   445,   5.93501661746491000000,  62.10000,  39.64252575000000000000, -104.87928900000000000000
   446,   5.95242123791987400000,  62.10000,  39.64238344444444000000, -104.87955844444444000000
   447,   5.96982480164619600000,  62.10000,  39.64224116666666500000, -104.87982788888888000000
   448,   5.98696379018438800000,  60.30000,  39.64210580555555000000, -104.88009733333332000000
   449,   6.00381764268023200000,  59.70000,  39.64196497222222000000, -104.88035552777777000000
   450,   6.02032311780834650000,  58.40000,  39.64183663888889000000, -104.88061669444444000000
   451,   6.03664342347101500000,  58.40000,  39.64170969444444400000, -104.88087488888888000000
   452,   6.05322454059572750000,  58.40000,  39.64157580555555400000, -104.88113305555555000000
   453,   6.06917093018496500000,  57.80000,  39.64144894444444000000, -104.88138297222221000000
   454,   6.08485950484875100000,  56.50000,  39.64132902777778000000, -104.88163288888889000000
   455,   6.10054910962074400000,  55.30000,  39.64120908333333000000, -104.88188280555555000000
   456,   6.11575395511563300000,  54.70000,  39.64108508333333000000, -104.88211847222222000000
   457,   6.13144258885817600000,  55.30000,  39.64096516666667000000, -104.88236838888888000000
   458,   6.14657062337178500000,  55.30000,  39.64084669444444000000, -104.88260705555555000000
   459,   6.16233078125175200000,  55.90000,  39.64072122222222000000, -104.88285397222222000000
   460,   6.17827606877008950000,  55.90000,  39.64059436111111000000, -104.88310386111111000000
   461,   6.19396478218925500000,  56.50000,  39.64047444444444000000, -104.88335377777778000000
   462,   6.20991239947434500000,  57.20000,  39.64034755555556000000, -104.88360369444445000000
   463,   6.22635143303604100000,  57.80000,  39.64022477777777500000, -104.88386783333334000000
   464,   6.24260623414424300000,  59.00000,  39.64010336111111000000, -104.88412900000000000000
   465,   6.25911202295129500000,  59.00000,  39.63997502777778000000, -104.88439016666668000000
   466,   6.27618138659501300000,  59.70000,  39.63984519444445000000, -104.88466258333334000000
   467,   6.29268721890204800000,  60.90000,  39.63971686111111000000, -104.88492375000001000000
   468,   6.30975562278932800000,  62.10000,  39.63958705555555000000, -104.88519616666667000000
   469,   6.32764146740800200000,  62.10000,  39.63944880555555000000, -104.88547983333333000000
   470,   6.34470865750651000000,  61.50000,  39.63931900000000000000, -104.88575222222222000000
   471,   6.36177813747918700000,  61.50000,  39.63918916666667000000, -104.88602463888890000000
   472,   6.37884663494376400000,  61.50000,  39.63905936111111000000, -104.88629705555556000000
   473,   6.39617236336096600000,  61.50000,  39.63892258333333000000, -104.88656947222223000000
   474,   6.41267710066444800000,  61.50000,  39.63879425000000000000, -104.88683061111112000000
   475,   6.43008113185936400000,  60.90000,  39.63865194444445000000, -104.88710002777779000000
   476,   6.44658694283561100000,  59.70000,  39.63852358333333000000, -104.88736116666668000000
   477,   6.46335485379182100000,  58.40000,  39.63838830555556000000, -104.88762233333334000000
   478,   6.47986070918018400000,  58.40000,  39.63825994444444000000, -104.88788347222223000000
   479,   6.49580638958064600000,  57.80000,  39.63813308333333000000, -104.88813336111112000000
   480,   6.51257313432264900000,  58.40000,  39.63799780555556000000, -104.88839450000000000000
   481,   6.52908030589502350000,  59.00000,  39.63786944444444000000, -104.88865566666668000000
   482,   6.54529395364716100000,  59.00000,  39.63773563888889000000, -104.88890555555557000000
   483,   6.56173442691544000000,  59.70000,  39.63761283333333600000, -104.88916969444445000000
   484,   6.57880294813122200000,  59.70000,  39.63748299999999600000, -104.88944208333334000000
   485,   6.59530895602283400000,  60.30000,  39.63735463888889000000, -104.88970322222222000000
   486,   6.61237752301395500000,  60.90000,  39.63722480555555400000, -104.88997561111111000000
   487,   6.62944611302397800000,  60.90000,  39.63709497222222000000, -104.89024800000000000000
   488,   6.64621302982830600000,  61.50000,  39.63695969444444000000, -104.89050913888890000000
   489,   6.66391288816853140000,  61.50000,  39.63682283333333000000, -104.89078980555556000000
   490,   6.68041900726708900000,  60.90000,  39.63669447222222400000, -104.89105094444444000000
   491,   6.69742772802537440000,  59.70000,  39.63657019444444500000, -104.89132633333334000000
   492,   6.71386713325597650000,  59.70000,  39.63644738888889000000, -104.89159044444445000000
   493,   6.73219624785596250000,  59.00000,  39.63626502777777500000, -104.89184033333333000000
   494,   6.74792144038430700000,  57.80000,  39.63616858333333000000, -104.89210744444445000000
   495,   6.76404241008349000000,  57.20000,  39.63607758333333000000, -104.89238580555556000000
   496,   6.78034948967300600000,  57.20000,  39.63598519444444400000, -104.89266719444446000000
   497,   6.79587879008908400000,  56.50000,  39.63590122222222000000, -104.89293730555556000000
   498,   6.81200329568262400000,  56.50000,  39.63581577777778000000, -104.89321866666667000000
   499,   6.82798392165640500000,  57.20000,  39.63574280555555000000, -104.89350300000001000000
   500,   6.84339892809615300000,  56.50000,  39.63567686111111000000, -104.89377911111112000000
   501,   6.85863141758081300000,  55.90000,  39.63561230555555400000, -104.89405219444446000000
   502,   6.87446958406594300000,  56.50000,  39.63556433333333500000, -104.89434255555557000000
   503,   6.89030671258942000000,  56.50000,  39.63551633333333500000, -104.89463288888889000000
   504,   6.90607756588230200000,  57.20000,  39.63548775000000000000, -104.89492622222222000000
   505,   6.92179570921241200000,  57.80000,  39.63546611111111400000, -104.89521955555556000000
   506,   6.93872835052370900000,  57.80000,  39.63544150000000000000, -104.89553538888890000000
   507,   6.95461491948977600000,  57.20000,  39.63541850000000000000, -104.89583172222223000000
   508,   6.97118593139788300000,  55.90000,  39.63541338888888500000, -104.89614230555556000000
   509,   6.98671332220492600000,  54.10000,  39.63541680555556000000, -104.89643336111112000000
   510,   7.00131885861153000000,  52.20000,  39.63541755555555600000, -104.89670716666667000000
   511,   7.01593061085610300000,  51.60000,  39.63541133333333000000, -104.89698097222222000000
   512,   7.02993825447904500000,  51.60000,  39.63541352777778000000, -104.89724355555556000000
   513,   7.04410374178146000000,  51.60000,  39.63541436111111000000, -104.89750911111112000000
   514,   7.05903305140013500000,  52.80000,  39.63541925000000000000, -104.89778891666667000000
   515,   7.07398085860676850000,  54.10000,  39.63543108333333000000, -104.89806872222223000000
   516,   7.08891016463318900000,  55.30000,  39.63543597222222000000, -104.89834852777778000000
   517,   7.10445211869142700000,  56.50000,  39.63544630555555400000, -104.89863958333333000000
   518,   7.12057837274041200000,  57.20000,  39.63544824999999600000, -104.89894188888890000000
   519,   7.13671565098706300000,  58.40000,  39.63545711111111000000, -104.89924419444445000000
   520,   7.15328661301627000000,  57.80000,  39.63545202777777400000, -104.89955477777778000000
   521,   7.16941284991171200000,  57.20000,  39.63545394444444000000, -104.89985708333334000000
   522,   7.18478347275844800000,  55.90000,  39.63545875000000000000, -104.90014516666668000000
   523,   7.20075111310471400000,  55.30000,  39.63545511111111000000, -104.90044447222223000000
   524,   7.21611738738717400000,  55.90000,  39.63545297222222500000, -104.90073252777778000000
   525,   7.23208619232843900000,  55.90000,  39.63545630555556000000, -104.90103186111112000000
   526,   7.24761354457074900000,  56.50000,  39.63545969444444000000, -104.90132291666667000000
   527,   7.26358115468233500000,  56.50000,  39.63545608333333000000, -104.90162222222223000000
   528,   7.27970887231891800000,  56.50000,  39.63545800000000000000, -104.90192455555557000000
   529,   7.29507514596223100000,  55.90000,  39.63545586111111000000, -104.90221261111111000000
   530,   7.31104392276011500000,  55.90000,  39.63545916666666400000, -104.90251194444446000000
   531,   7.32641019614531100000,  55.90000,  39.63545702777777500000, -104.90280000000000000000
   532,   7.34253643187980300000,  55.90000,  39.63545894444444400000, -104.90310230555556000000
   533,   7.35790272384078200000,  56.50000,  39.63545677777777600000, -104.90339036111112000000
   534,   7.37387181617443100000,  57.20000,  39.63545316666666500000, -104.90368969444445000000
   535,   7.38999805280543800000,  57.80000,  39.63545508333333000000, -104.90399200000000000000
   536,   7.40613532946723650000,  57.80000,  39.63546394444444600000, -104.90429430555557000000
   537,   7.42227408474120050000,  58.40000,  39.63547280555556000000, -104.90459663888889000000
   538,   7.43862616781696700000,  58.40000,  39.63549413888889000000, -104.90490194444445000000
   539,   7.45509188006317700000,  59.00000,  39.63552933333333000000, -104.90520725000000000000
   540,   7.47200212617463850000,  59.00000,  39.63557563888889000000, -104.90551855555556000000
   541,   7.48820672388309300000,  59.70000,  39.63562480555556000000, -104.90581561111112000000
   542,   7.50516082562049500000,  59.00000,  39.63569894444444000000, -104.90611863888890000000
   543,   7.52132370118959300000,  58.40000,  39.63578158333333000000, -104.90640216666667000000
   544,   7.53785024128630500000,  58.40000,  39.63587811111111000000, -104.90668572222222000000
   545,   7.55368642536424000000,  59.00000,  39.63598311111111000000, -104.90694972222222000000
   546,   7.57031751738900700000,  59.00000,  39.63610755555555400000, -104.90721675000000000000
   547,   7.58719986398473200000,  59.70000,  39.63623891666666000000, -104.90748377777778000000
   548,   7.60390886869855500000,  59.70000,  39.63638433333333000000, -104.90773427777778000000
   549,   7.62081743500635100000,  59.70000,  39.63654511111111000000, -104.90797352777778000000
   550,   7.63772456532028300000,  59.70000,  39.63671291666667000000, -104.90820452777778000000
   551,   7.65392411798168500000,  57.80000,  39.63688366666667000000, -104.90841300000001000000
   552,   7.67083275142181400000,  57.80000,  39.63706827777778000000, -104.90862150000001000000
   553,   7.68647741660561600000,  57.20000,  39.63725041666667000000, -104.90879622222222000000
   554,   7.70250785215432000000,  56.50000,  39.63743947222222000000, -104.90897094444445000000
   555,   7.71804517392692400000,  55.90000,  39.63763147222222500000, -104.90912319444445000000
   556,   7.73399213523244800000,  55.30000,  39.63783041666667000000, -104.90927541666667000000
   557,   7.74931203876714500000,  56.50000,  39.63802388888889000000, -104.90941638888890000000
   558,   7.76527982420553400000,  58.40000,  39.63823136111111000000, -104.90954908333335000000
   559,   7.78226727912162200000,  59.70000,  39.63844980555555000000, -104.90969605555556000000
   560,   7.79884257632006200000,  59.70000,  39.63866272222222000000, -104.90984002777779000000
   561,   7.81625643936385000000,  60.90000,  39.63888811111111000000, -104.90998700000000000000
   562,   7.83308560479102050000,  59.00000,  39.63910941666666000000, -104.91011972222223000000
   563,   7.84891029445910800000,  57.80000,  39.63931972222222000000, -104.91023816666667000000
   564,   7.86574118099841600000,  57.20000,  39.63954105555555400000, -104.91037088888889000000
   565,   7.88172385928612850000,  55.90000,  39.63974988888888600000, -104.91050061111112000000
   566,   7.89796440827105800000,  55.30000,  39.63996575000000000000, -104.91062208333334000000
   567,   7.91436185360998400000,  54.70000,  39.64018013888889000000, -104.91075480555556000000
   568,   7.92931351276324700000,  54.10000,  39.64037655555555500000, -104.91087327777778000000
   569,   7.94486738557878400000,  53.40000,  39.64057847222222400000, -104.91100300000001000000
   570,   7.96025456468243400000,  52.20000,  39.64078183333333500000, -104.91112147222223000000
   571,   7.97479295851220550000,  51.60000,  39.64097272222222000000, -104.91123694444445000000
   572,   7.98950592634397250000,  52.20000,  39.64116213888889000000, -104.91136369444445000000
   573,   8.00404430666663400000,  52.80000,  39.64135302777777500000, -104.91147916666667000000
   574,   8.01943320587284500000,  52.80000,  39.64155641666667000000, -104.91159763888889000000
   575,   8.03397157219110400000,  54.10000,  39.64174730555555500000, -104.91171311111111000000
   576,   8.04935931869148800000,  54.70000,  39.64195066666666600000, -104.91183161111111000000
   577,   8.06474819688421000000,  55.90000,  39.64215405555556000000, -104.91195008333334000000
   578,   8.08013532058240400000,  57.20000,  39.64235741666667000000, -104.91206855555556000000
   579,   8.09611788369011300000,  57.80000,  39.64256625000000000000, -104.91219827777779000000
   580,   8.11235892558423200000,  59.00000,  39.64278211111111000000, -104.91231977777778000000
   581,   8.12918793332495100000,  60.30000,  39.64300341666666600000, -104.91245250000000000000
   582,   8.14600006115438700000,  61.50000,  39.64322336111111000000, -104.91258822222223000000
   583,   8.16368066746413000000,  62.80000,  39.64345716666666400000, -104.91272397222222000000
   584,   8.18150859668357300000,  64.00000,  39.64368811111111000000, -104.91287394444446000000
   585,   8.19935025491033900000,  65.20000,  39.64392041666667000000, -104.91302094444445000000
   586,   8.21788191117879000000,  65.90000,  39.64416669444444000000, -104.91315966666667000000
   587,   8.23613988444103700000,  67.10000,  39.64440458333333000000, -104.91330966666668000000
   588,   8.25482730975838300000,  67.70000,  39.64464938888889000000, -104.91345963888890000000
   589,   8.27335952852099500000,  67.10000,  39.64489566666666000000, -104.91359838888890000000
   590,   8.29230643123397000000,  67.10000,  39.64514750000000000000, -104.91374011111111000000
   591,   8.31169416100471600000,  67.10000,  39.64540627777778000000, -104.91388186111112000000
   592,   8.33038153956289300000,  67.70000,  39.64565108333333400000, -104.91403183333334000000
   593,   8.34932900262145600000,  68.40000,  39.64590291666666400000, -104.91417358333334000000
   594,   8.36827586435570600000,  69.00000,  39.64615475000000000000, -104.91431530555556000000
   595,   8.38763860496144900000,  69.00000,  39.64641213888889000000, -104.91446005555557000000
   596,   8.40660919442524200000,  68.40000,  39.64666533333333000000, -104.91459880555556000000
   597,   8.42555602514108200000,  67.70000,  39.64691716666667000000, -104.91474052777778000000
   598,   8.44465885132715000000,  67.70000,  39.64716752777777500000, -104.91489352777778000000
   599,   8.46319096968090400000,  67.10000,  39.64741380555556000000, -104.91503227777778000000
   600,   8.48158788294737700000,  66.50000,  39.64766158333333000000, -104.91515977777779000000
   601,   8.50053526417827100000,  66.50000,  39.64791341666667000000, -104.91530152777779000000
   602,   8.51880829694873400000,  66.50000,  39.64815266666667000000, -104.91544852777778000000
   603,   8.53676089317000700000,  66.50000,  39.64839350000000000000, -104.91557602777779000000
   604,   8.55573140574984400000,  67.10000,  39.64864669444444400000, -104.91571477777778000000
   605,   8.57426346512137800000,  67.70000,  39.64889297222222000000, -104.91585352777778000000
   606,   8.59321079623352800000,  67.70000,  39.64914480555556000000, -104.91599527777778000000
   607,   8.61215811709517900000,  68.40000,  39.64939663888889000000, -104.91613702777778000000
   608,   8.63169508467880500000,  68.40000,  39.64965394444444500000, -104.91629002777778000000
   609,   8.65022710388521600000,  67.70000,  39.64990022222222000000, -104.91642877777778000000
   610,   8.66875911327083000000,  66.50000,  39.65014650000000000000, -104.91656752777779000000
   611,   8.68744753884324000000,  65.90000,  39.65039130555555000000, -104.91671755555556000000
   612,   8.70554129453398100000,  65.90000,  39.65063063888888500000, -104.91685630555556000000
   613,   8.72379788443525200000,  65.20000,  39.65086850000000000000, -104.91700633333333000000
   614,   8.74189336937601700000,  64.60000,  39.65110786111111000000, -104.91714508333334000000
   615,   8.76014993638421500000,  64.00000,  39.65134572222222400000, -104.91729511111112000000
   616,   8.77799295509812300000,  63.40000,  39.65157805555555400000, -104.91744211111111000000
   617,   8.79567208418582200000,  63.40000,  39.65181183333333000000, -104.91757788888890000000
   618,   8.81378874036706000000,  64.00000,  39.65205255555556000000, -104.91771363888890000000
   619,   8.83146959866747300000,  64.60000,  39.65228636111111000000, -104.91784941666667000000
   620,   8.84986456821204100000,  65.20000,  39.65253411111111000000, -104.91797691666667000000
   621,   8.86826007707928500000,  65.90000,  39.65278186111111000000, -104.91810444444445000000
   622,   8.88653913306543900000,  66.50000,  39.65303111111111000000, -104.91822069444444000000
   623,   8.90526777708695000000,  67.70000,  39.65328727777778000000, -104.91833694444445000000
   624,   8.92410924387794700000,  67.10000,  39.65354197222222000000, -104.91846447222223000000
   625,   8.94250417139782200000,  67.10000,  39.65378972222222000000, -104.91859197222223000000
   626,   8.96123328556282100000,  67.10000,  39.65404588888889000000, -104.91870825000001000000
   627,   8.97947734330718800000,  67.10000,  39.65429375000000000000, -104.91882750000000000000
   628,   8.99820595363288900000,  67.10000,  39.65454991666667000000, -104.91894375000001000000
   629,   9.01689849176443300000,  66.50000,  39.65480469444444400000, -104.91906302777778000000
   630,   9.03562889681291600000,  66.50000,  39.65506088888889000000, -104.91917927777779000000
   631,   9.05432142046743000000,  66.50000,  39.65531566666667000000, -104.91929855555556000000
   632,   9.07305000351993300000,  65.90000,  39.65557183333333000000, -104.91941480555556000000
   633,   9.09177907010113500000,  65.20000,  39.65582800000000000000, -104.91953108333334000000
   634,   9.10954611219330700000,  64.00000,  39.65607316666666500000, -104.91963308333334000000
   635,   9.12740897044019500000,  63.40000,  39.65631683333333500000, -104.91974636111111000000
   636,   9.14517600216220000000,  63.40000,  39.65656200000000000000, -104.91984836111112000000
   637,   9.16304065084268900000,  62.80000,  39.65680569444444400000, -104.91996163888889000000
   638,   9.18035266761689600000,  62.80000,  39.65704391666666600000, -104.92006366666668000000
   639,   9.19780202352359700000,  62.10000,  39.65728205555555500000, -104.92017391666667000000
   640,   9.21511402984366000000,  62.10000,  39.65752027777778000000, -104.92027594444446000000
   641,   9.23211356925957800000,  62.10000,  39.65775147222222000000, -104.92038622222222000000
   642,   9.24988057054624200000,  62.80000,  39.65799663888889000000, -104.92048822222223000000
   643,   9.26719256118474100000,  62.80000,  39.65823486111111000000, -104.92059025000000000000
   644,   9.28450454659566000000,  62.80000,  39.65847308333333400000, -104.92069227777779000000
   645,   9.30191902113023000000,  63.40000,  39.65870983333333000000, -104.92080555555556000000
   646,   9.31964650531981000000,  63.40000,  39.65895363888889000000, -104.92091055555557000000
   647,   9.33750928664540700000,  64.00000,  39.65919730555555000000, -104.92102383333334000000
   648,   9.35523540940835500000,  64.00000,  39.65944108333333400000, -104.92112886111111000000
   649,   9.37309998121579800000,  64.60000,  39.65968477777778000000, -104.92124213888890000000
   650,   9.39082609289109300000,  64.60000,  39.65992855555555000000, -104.92134716666668000000
   651,   9.40910365194293200000,  65.20000,  39.66017777777777600000, -104.92146344444446000000
   652,   9.42815498986479700000,  66.50000,  39.66044100000000000000, -104.92157147222223000000
   653,   9.44643253481342300000,  67.10000,  39.66069022222222000000, -104.92168775000000000000
   654,   9.46557610150299300000,  67.70000,  39.66095194444444000000, -104.92180702777779000000
   655,   9.48416949373654500000,  67.10000,  39.66120819444444000000, -104.92191505555556000000
   656,   9.50331304617444000000,  67.10000,  39.66146991666667000000, -104.92203433333334000000
   657,   9.52149430332377600000,  67.10000,  39.66172063888889000000, -104.92213936111112000000
   658,   9.54063833380462000000,  67.10000,  39.66198236111111000000, -104.92225866666666000000
   659,   9.55936722921277100000,  67.10000,  39.66223852777777400000, -104.92237494444444000000
   660,   9.57796059209130000000,  67.10000,  39.66249477777777000000, -104.92248297222223000000
   661,   9.59668947381648000000,  67.10000,  39.66275094444444000000, -104.92259925000000000000
   662,   9.61528510597368500000,  67.10000,  39.66300722222222000000, -104.92270730555556000000
   663,   9.63401397401483300000,  67.70000,  39.66326338888888600000, -104.92282358333334000000
   664,   9.65315746990811400000,  68.40000,  39.66352511111111000000, -104.92294286111111000000
   665,   9.67241253035359300000,  69.00000,  39.66378533333333000000, -104.92307341666667000000
   666,   9.69122347042580600000,  69.00000,  39.66403863888889000000, -104.92320397222223000000
   667,   9.71061160659585800000,  69.00000,  39.66429741666666000000, -104.92334577777778000000
   668,   9.73041329046049300000,  69.00000,  39.66456172222222400000, -104.92349058333333000000
   669,   9.74951544361189800000,  69.00000,  39.66481205555555000000, -104.92364366666668000000
   670,   9.76861868471641200000,  69.00000,  39.66506241666666500000, -104.92379672222222000000
   671,   9.78832042102876300000,  69.60000,  39.66531819444444600000, -104.92396105555557000000
   672,   9.80778749567770600000,  69.60000,  39.66556558333333000000, -104.92413666666667000000
   673,   9.82725384256247000000,  69.60000,  39.66581297222222000000, -104.92431225000000000000
   674,   9.84630725613636000000,  69.60000,  39.66605480555555400000, -104.92448483333334000000
   675,   9.86535491449938300000,  69.00000,  39.66629525000000000000, -104.92466041666667000000
   676,   9.88440901372673500000,  68.40000,  39.66653708333333000000, -104.92483302777778000000
   677,   9.90346238273851200000,  68.40000,  39.66677891666666500000, -104.92500561111112000000
   678,   9.92210292623928000000,  67.70000,  39.66701519444444600000, -104.92517519444445000000
   679,   9.94115698114781100000,  67.10000,  39.66725702777777000000, -104.92534780555556000000
   680,   9.95917963690389400000,  67.10000,  39.66748783333333000000, -104.92550613888889000000
   681,   9.97781726207053800000,  66.50000,  39.66772274999999600000, -104.92567875000000000000
   682,   9.99667855991835800000,  65.90000,  39.66796605555555000000, -104.92584008333334000000
   683,  10.01470117697921400000,  65.90000,  39.66819686111110600000, -104.92599841666667000000
   684,  10.03313975900756100000,  65.90000,  39.66843325000000000000, -104.92615977777778000000
   685,  10.05157763695736500000,  66.50000,  39.66866963888888600000, -104.92632111111112000000
   686,  10.06960021562018800000,  66.50000,  39.66890044444444000000, -104.92647944444445000000
   687,  10.08803875868468600000,  66.50000,  39.66913683333333000000, -104.92664080555556000000
   688,  10.10647490264928400000,  65.90000,  39.66937319444444000000, -104.92680213888889000000
   689,  10.12492277479435000000,  65.20000,  39.66961094444444000000, -104.92696050000000000000
   690,  10.14294699526578600000,  64.00000,  39.66984177777777600000, -104.92711883333334000000
   691,  10.16037545786285900000,  63.40000,  39.67006852777777000000, -104.92726294444445000000
   692,  10.17797778233014400000,  62.80000,  39.67029241666666000000, -104.92742127777778000000
   693,  10.19540622401461900000,  62.80000,  39.67051916666666500000, -104.92756538888890000000
   694,  10.21259554654559000000,  61.50000,  39.67073749999999400000, -104.92772072222223000000
   695,  10.22978557058243000000,  60.90000,  39.67095583333333000000, -104.92787608333335000000
   696,  10.24636032130982000000,  60.90000,  39.67116872222222000000, -104.92802016666667000000
   697,  10.26396329441324600000,  61.50000,  39.67139261111111000000, -104.92817852777779000000
   698,  10.28073506223998700000,  61.50000,  39.67160399999999500000, -104.92833388888890000000
   699,  10.29773643593642200000,  61.50000,  39.67182383333333000000, -104.92847800000000000000
   700,  10.31450744793366600000,  62.80000,  39.67203522222222000000, -104.92863333333334000000
   701,  10.33211037247478000000,  63.40000,  39.67225911111111000000, -104.92879169444446000000
   702,  10.35013514206484500000,  64.00000,  39.67248994444444000000, -104.92895005555556000000
   703,  10.36773804112130800000,  63.40000,  39.67271383333333000000, -104.92910841666666000000
   704,  10.38534092762993700000,  62.80000,  39.67293772222222000000, -104.92926677777778000000
   705,  10.40275475293910800000,  62.10000,  39.67316308333333000000, -104.92941388888889000000
   706,  10.41994464292673200000,  62.10000,  39.67338141666666500000, -104.92956925000000000000
   707,  10.43754820235133700000,  62.80000,  39.67360530555555400000, -104.92972763888889000000
   708,  10.45496132832676000000,  62.80000,  39.67383066666667000000, -104.92987472222222000000
   709,  10.47256486256449100000,  62.10000,  39.67405455555555000000, -104.93003311111111000000
   710,  10.48933647922025300000,  62.10000,  39.67426594444444000000, -104.93018847222223000000
   711,  10.50693927873897800000,  62.10000,  39.67448983333333000000, -104.93034683333333000000
   712,  10.52412909540189600000,  61.50000,  39.67470816666666000000, -104.93050219444444000000
   713,  10.54131373770198500000,  60.90000,  39.67492511111111000000, -104.93066058333334000000
   714,  10.55808697133363000000,  60.30000,  39.67513652777777400000, -104.93081594444445000000
   715,  10.57485925792245000000,  59.70000,  39.67534791666667000000, -104.93097133333333000000
   716,  10.59103422452888300000,  58.40000,  39.67554536111111000000, -104.93113494444445000000
   717,  10.60706534807069400000,  58.40000,  39.67573438888888400000, -104.93130983333334000000
   718,  10.62309489827646700000,  57.80000,  39.67592338888889000000, -104.93148472222222000000
   719,  10.63953191389691000000,  58.40000,  39.67611797222222000000, -104.93166263888890000000
   720,  10.65531676042423000000,  58.40000,  39.67630711111111000000, -104.93182925000000000000
   721,  10.67149909906760600000,  59.00000,  39.67650316666666000000, -104.93199588888889000000
   722,  10.68727345423798200000,  59.00000,  39.67669366666666500000, -104.93215952777778000000
   723,  10.70372549184479800000,  59.00000,  39.67688686111111000000, -104.93234044444445000000
   724,  10.72071979218514800000,  60.30000,  39.67709541666667000000, -104.93251008333334000000
   725,  10.73731041063521900000,  60.90000,  39.67729702777777600000, -104.93267972222223000000
   726,  10.75495357482261100000,  62.10000,  39.67750963888888500000, -104.93286363888889000000
   727,  10.77299458061718900000,  62.80000,  39.67772916666666600000, -104.93304752777779000000
   728,  10.79023037647144900000,  62.10000,  39.67793622222222000000, -104.93322844444445000000
   729,  10.80787508504425000000,  62.10000,  39.67814886111111000000, -104.93341236111111000000
   730,  10.82511002051887000000,  62.10000,  39.67835591666667000000, -104.93359325000000000000
   731,  10.84260439516647700000,  62.10000,  39.67856147222222000000, -104.93378541666667000000
   732,  10.86000521237808200000,  62.80000,  39.67877694444444400000, -104.93395508333333000000
   733,  10.87845094516435500000,  62.80000,  39.67900341666667000000, -104.93413900000000000000
   734,  10.89648713387979800000,  64.60000,  39.67922433333333000000, -104.93431991666667000000
   735,  10.91412192383153000000,  65.20000,  39.67943833333333000000, -104.93450083333333000000
   736,  10.93215808116779400000,  66.50000,  39.67965925000000000000, -104.93468175000001000000
   737,  10.95124316398499400000,  67.10000,  39.67989116666666400000, -104.93487691666667000000
   738,  10.96969521001593900000,  67.70000,  39.68011627777778000000, -104.93506383333333000000
   739,  10.98863896996654300000,  68.40000,  39.68033977777777500000, -104.93527027777778000000
   740,  11.00719638019139200000,  68.40000,  39.68055636111111000000, -104.93547672222222000000
   741,  11.02641450633626000000,  67.70000,  39.68077838888889000000, -104.93569444444445000000
   742,  11.04550341668553200000,  68.40000,  39.68098358333333000000, -104.93593466666667000000
   743,  11.06453891459845800000,  69.00000,  39.68118175000000000000, -104.93618313888890000000
   744,  11.08435591515189200000,  69.00000,  39.68138261111111000000, -104.93644888888889000000
   745,  11.10341097802775700000,  69.00000,  39.68157236111111000000, -104.93670863888889000000
   746,  11.12291357791509600000,  67.10000,  39.68175222222222000000, -104.93699088888889000000
   747,  11.14211603895713600000,  66.50000,  39.68192513888888600000, -104.93727316666667000000
   748,  11.16074059614855700000,  65.90000,  39.68208422222222000000, -104.93755544444444000000
   749,  11.17900901619538900000,  65.90000,  39.68223772222222000000, -104.93783469444445000000
   750,  11.19736744679315000000,  64.60000,  39.68238419444444500000, -104.93812222222222000000
   751,  11.21535791157718300000,  62.80000,  39.68250977777777400000, -104.93841800000000000000
   752,  11.23254737274739000000,  62.10000,  39.68263127777777000000, -104.93869952777779000000
   753,  11.24989517750108400000,  62.80000,  39.68274572222222000000, -104.93898930555557000000
   754,  11.26803923567543600000,  64.00000,  39.68285030555555400000, -104.93930161111112000000
   755,  11.28599676108199600000,  64.60000,  39.68294794444444000000, -104.93961388888889000000
   756,  11.30378148236373200000,  64.60000,  39.68303863888889000000, -104.93992619444445000000
   757,  11.32209435780111000000,  63.40000,  39.68312786111111000000, -104.94024975000000000000
   758,  11.33931979983950600000,  62.80000,  39.68320747222222000000, -104.94055602777779000000
   759,  11.35816642345714000000,  66.50000,  39.68329519444444000000, -104.94089086111111000000
   760,  11.37717155542236600000,  66.50000,  39.68338988888888000000, -104.94122566666667000000
   761,  11.39548509924097500000,  65.20000,  39.68347908333333000000, -104.94154925000001000000
   762,  11.41352104703797800000,  64.60000,  39.68356275000000000000, -104.94186980555556000000
   763,  11.43128554677854300000,  63.40000,  39.68364086111111000000, -104.94218736111111000000
   764,  11.44863247078515300000,  62.80000,  39.68371908333333000000, -104.94249663888890000000
   765,  11.46585857356311800000,  63.40000,  39.68379866666666000000, -104.94280294444445000000
   766,  11.48348413155870800000,  63.40000,  39.68386986111110600000, -104.94312050000000000000
   767,  11.50068940477011000000,  64.00000,  39.68394113888888000000, -104.94342980555555000000
   768,  11.51831439545170400000,  63.40000,  39.68401230555555500000, -104.94374736111112000000
   769,  11.53539433165799900000,  62.80000,  39.68408497222221600000, -104.94405366666668000000
   770,  11.55301594831228400000,  62.80000,  39.68416872222222000000, -104.94436597222223000000
   771,  11.57090416587288200000,  63.40000,  39.68424544444444000000, -104.94468652777778000000
   772,  11.58825236064070900000,  64.00000,  39.68432366666666400000, -104.94499583333334000000
   773,  11.60656027891349000000,  64.60000,  39.68440027777777600000, -104.94532466666666000000
   774,  11.62418516203563700000,  64.00000,  39.68447144444444000000, -104.94564222222223000000
   775,  11.64199473743418900000,  63.40000,  39.68452863888888500000, -104.94596802777778000000
   776,  11.65980616740934100000,  62.80000,  39.68458586111111000000, -104.94629386111112000000
   777,  11.67737811522794700000,  62.80000,  39.68463749999999400000, -104.94661666666667000000
   778,  11.69463803341891900000,  62.10000,  39.68467666666666000000, -104.94693647222222000000
   779,  11.71132269152101600000,  61.50000,  39.68471730555555000000, -104.94724502777778000000
   780,  11.72872594271946600000,  60.30000,  39.68475508333333000000, -104.94756783333334000000
   781,  11.74555255813046100000,  59.70000,  39.68479433333333000000, -104.94787938888890000000
   782,  11.76237947276535700000,  60.30000,  39.68483361111111000000, -104.94819094444445000000
   783,  11.77898883709546700000,  60.90000,  39.68486730555555000000, -104.94849947222222000000
   784,  11.79612503989871400000,  61.50000,  39.68489261111111000000, -104.94881927777779000000
   785,  11.81326251437047000000,  62.10000,  39.68491788888888000000, -104.94913911111111000000
   786,  11.83035654088264700000,  62.10000,  39.68493625000000000000, -104.94945891666667000000
   787,  11.84788859267925400000,  62.10000,  39.68495449999999600000, -104.94978697222223000000
   788,  11.86495388627628000000,  62.80000,  39.68496594444444000000, -104.95010677777778000000
   789,  11.88245804899804800000,  62.10000,  39.68497724999999600000, -104.95043483333333000000
   790,  11.89918525361828100000,  61.50000,  39.68497758333333000000, -104.95074863888890000000
   791,  11.91651230297332400000,  60.30000,  39.68497641666666500000, -104.95107369444445000000
   792,  11.93324422978713200000,  59.70000,  39.68496980555555000000, -104.95138747222222000000
   793,  11.95057128108677000000,  60.30000,  39.68496863888888000000, -104.95171252777779000000
   794,  11.96729848526252000000,  60.90000,  39.68496894444444000000, -104.95202633333334000000
   795,  11.98462553677669500000,  61.50000,  39.68496777777777000000, -104.95235138888889000000
   796,  12.00195258858313900000,  60.90000,  39.68496661111111000000, -104.95267644444445000000
   797,  12.01927964068049000000,  59.70000,  39.68496544444444400000, -104.95300150000000000000
   798,  12.03584583759200300000,  59.00000,  39.68496711111110600000, -104.95331227777778000000
   799,  12.05241703352714600000,  58.40000,  39.68496188888888600000, -104.95362308333334000000
   800,  12.06855429398421700000,  57.80000,  39.68497061111110500000, -104.95392561111112000000
   801,  12.08487148085772700000,  58.40000,  39.68498488888888400000, -104.95423116666667000000
   802,  12.10063569484571700000,  57.20000,  39.68500758333333000000, -104.95452544444444000000
   803,  12.11698861652566000000,  56.50000,  39.68502877777777400000, -104.95483100000000000000
   804,  12.13252940711660300000,  55.30000,  39.68503897222221600000, -104.95512225000000000000
   805,  12.14770783856412700000,  54.70000,  39.68506313888888600000, -104.95540527777779000000
   806,  12.16288647540438500000,  54.10000,  39.68508733333333000000, -104.95568830555555000000
   807,  12.17801976534207100000,  53.40000,  39.68510455555555400000, -104.95597133333334000000
   808,  12.19300154533246800000,  52.20000,  39.68512316666666000000, -104.95625136111111000000
   809,  12.20676462080761700000,  50.30000,  39.68513783333333000000, -104.95650886111112000000
   810,  12.22057097885101700000,  47.80000,  39.68515941666666400000, -104.95676636111111000000
   811,  12.23394107846800200000,  45.40000,  39.68518111111110600000, -104.95701561111112000000
   812,  12.24633410061689500000,  43.50000,  39.68519316666666400000, -104.95724758333334000000
   813,  12.25848102342251200000,  41.00000,  39.68521088888888000000, -104.95747430555556000000
   814,  12.26910696112287000000,  38.50000,  39.68522741666666000000, -104.95767250000000000000
   815,  12.27969220851794700000,  37.90000,  39.68523699999999400000, -104.95787069444445000000
   816,  12.29012423494822300000,  36.00000,  39.68524794444444000000, -104.95806588888890000000
   817,  12.29937821684047300000,  33.60000,  39.68526188888889000000, -104.95823855555555000000
   818,  12.30859471731198300000,  32.30000,  39.68526888888888500000, -104.95841122222222000000
   819,  12.31734441950949000000,  30.40000,  39.68525919444444000000, -104.95857488888889000000
   820,  12.32560830718287200000,  28.00000,  39.68523716666666000000, -104.95872727777778000000
   821,  12.33265450186426500000,  24.90000,  39.68521808333333000000, -104.95885713888889000000
   822,  12.33854712270301800000,  21.70000,  39.68518394444444000000, -104.95895847222222000000
   823,  12.34413560851197500000,  19.30000,  39.68513880555555000000, -104.95904552777777000000
   824,  12.34827854213815500000,  14.90000,  39.68510911111111000000, -104.95911308333334000000
   825,  12.35112108210313000000,  10.60000,  39.68508375000000000000, -104.95915511111112000000
   826,  12.35367999897302500000,   6.80000,  39.68507088888889000000, -104.95920013888889000000
   827,  12.35451579501326200000,   3.10000,  39.68506247222222000000, -104.95921141666668000000
   828,  12.35901949743400700000,   0.00000,  39.68499719444444000000, -104.95921063888889000000
   829,  12.35901949743400700000,   0.00000,  39.68499719444444000000, -104.95921063888889000000
   830,  12.35901949743400700000,   0.00000,  39.68499719444444000000, -104.95921063888889000000
   831,  12.35901949743400700000,   0.00000,  39.68499719444444000000, -104.95921063888889000000
   832,  12.35901949743400700000,   0.00000,  39.68499719444444000000, -104.95921063888889000000
   833,  12.35901949743400700000,   0.00000,  39.68499719444444000000, -104.95921063888889000000
   834,  12.35901949743400700000,   0.00000,  39.68499719444444000000, -104.95921063888889000000
   835,  12.35901949743400700000,   0.00000,  39.68499719444444000000, -104.95921063888889000000
   836,  12.35901949743400700000,   0.00000,  39.68499719444444000000, -104.95921063888889000000
   837,  12.35901949743400700000,   0.00000,  39.68499719444444000000, -104.95921063888889000000
   838,  12.35901949743400700000,   0.00000,  39.68499719444444000000, -104.95921063888889000000
   839,  12.35901949743400700000,   0.00000,  39.68499719444444000000, -104.95921063888889000000
   840,  12.35901949743400700000,   0.00000,  39.68499719444444000000, -104.95921063888889000000
   841,  12.35901949743400700000,   0.00000,  39.68499719444444000000, -104.95921063888889000000
   842,  12.35901949743400700000,   0.00000,  39.68499719444444000000, -104.95921063888889000000
   843,  12.35901949743400700000,   0.00000,  39.68499719444444000000, -104.95921063888889000000
   844,  12.35901949743400700000,   0.00000,  39.68499719444444000000, -104.95921063888889000000
   845,  12.35901949743400700000,   0.00000,  39.68499719444444000000, -104.95921063888889000000
   846,  12.35901949743400700000,   0.00000,  39.68499719444444000000, -104.95921063888889000000
   847,  12.35901949743400700000,   0.00000,  39.68499719444444000000, -104.95921063888889000000
   848,  12.35901949743400700000,   0.00000,  39.68499719444444000000, -104.95921063888889000000
   849,  12.35901949743400700000,   0.00000,  39.68499719444444000000, -104.95921063888889000000
   850,  12.35901949743400700000,   0.00000,  39.68499719444444000000, -104.95921063888889000000
   851,  12.35901949743400700000,   0.00000,  39.68499719444444000000, -104.95921063888889000000
   852,  12.35901949743400700000,   0.00000,  39.68499719444444000000, -104.95921063888889000000
   853,  12.35901949743400700000,   0.00000,  39.68499719444444000000, -104.95921063888889000000
   854,  12.35901949743400700000,   0.00000,  39.68499719444444000000, -104.95921063888889000000
   855,  12.35901949743400700000,   0.00000,  39.68499719444444000000, -104.95921063888889000000
   856,  12.35901949743400700000,   0.00000,  39.68499719444444000000, -104.95921063888889000000
   857,  12.35901949743400700000,   0.00000,  39.68499719444444000000, -104.95921063888889000000
   858,  12.35901949743400700000,   0.00000,  39.68499719444444000000, -104.95921063888889000000
   859,  12.35901949743400700000,   0.00000,  39.68499719444444000000, -104.95921063888889000000
   860,  12.35901949743400700000,   0.00000,  39.68499719444444000000, -104.95921063888889000000
   861,  12.35901949743400700000,   0.00000,  39.68499719444444000000, -104.95921063888889000000
   862,  12.35901949743400700000,   0.00000,  39.68499719444444000000, -104.95921063888889000000
   863,  12.35901949743400700000,   0.00000,  39.68499719444444000000, -104.95921063888889000000
   864,  12.35901949743400700000,   0.00000,  39.68499719444444000000, -104.95921063888889000000
   865,  12.35901949743400700000,   0.00000,  39.68499719444444000000, -104.95921063888889000000
   866,  12.35901949743400700000,   0.00000,  39.68499719444444000000, -104.95921063888889000000
   867,  12.35901949743400700000,   0.00000,  39.68499719444444000000, -104.95921063888889000000
   868,  12.35901949743400700000,   0.00000,  39.68499719444444000000, -104.95921063888889000000
   869,  12.35901949743400700000,   0.00000,  39.68499719444444000000, -104.95921063888889000000
   870,  12.35901949743400700000,   0.00000,  39.68499719444444000000, -104.95921063888889000000
   871,  12.35901949743400700000,   0.00000,  39.68499719444444000000, -104.95921063888889000000
   872,  12.35901949743400700000,   0.00000,  39.68499719444444000000, -104.95921063888889000000
   873,  12.35901949743400700000,   0.00000,  39.68499719444444000000, -104.95921063888889000000
   874,  12.35901949743400700000,   0.00000,  39.68499719444444000000, -104.95921063888889000000
   875,  12.35901949743400700000,   0.00000,  39.68499719444444000000, -104.95921063888889000000
   876,  12.35901949743400700000,   0.00000,  39.68499719444444000000, -104.95921063888889000000
   877,  12.35901949743400700000,   0.00000,  39.68499719444444000000, -104.95921063888889000000
   878,  12.35901949743400700000,   0.00000,  39.68499719444444000000, -104.95921063888889000000
   879,  12.35901949743400700000,   0.00000,  39.68499719444444000000, -104.95921063888889000000
   880,  12.35901949743400700000,   0.00000,  39.68499719444444000000, -104.95921063888889000000
   881,  12.35901949743400700000,   0.00000,  39.68499719444444000000, -104.95921063888889000000
   882,  12.35901949743400700000,   0.00000,  39.68499719444444000000, -104.95921063888889000000
   883,  12.35901949743400700000,   0.00000,  39.68499719444444000000, -104.95921063888889000000
   884,  12.35901949743400700000,   0.00000,  39.68499719444444000000, -104.95921063888889000000
   885,  12.35901949743400700000,   0.00000,  39.68499719444444000000, -104.95921063888889000000
   886,  12.35901949743400700000,   0.00000,  39.68499719444444000000, -104.95921063888889000000
   887,  12.35901949743400700000,   0.00000,  39.68499719444444000000, -104.95921063888889000000
   888,  12.35901949743400700000,   0.00000,  39.68499719444444000000, -104.95921063888889000000
   889,  12.35901949743400700000,   0.00000,  39.68499719444444000000, -104.95921063888889000000
   890,  12.35901949743400700000,   0.00000,  39.68499719444444000000, -104.95921063888889000000
   891,  12.35901949743400700000,   5.60000,  39.68499719444444000000, -104.95921063888889000000
   892,  12.36098140131871600000,   6.80000,  39.68499830555555000000, -104.95924741666667000000
   893,  12.36294586862437400000,   6.80000,  39.68498691666666600000, -104.95928119444444000000
   894,  12.36711283151994500000,  11.20000,  39.68494066666666000000, -104.95933147222223000000
   895,  12.37092677013169600000,  12.40000,  39.68490133333333000000, -104.95938175000000000000
   896,  12.37464957226133500000,  12.40000,  39.68485658333333000000, -104.95942077777778000000
   897,  12.38159321628376500000,  16.80000,  39.68476447222222000000, -104.95947327777778000000
   898,  12.39694933129801400000,  26.10000,  39.68454205555555000000, -104.95948447222223000000
   899,  12.40902704715942500000,  28.60000,  39.68436699999999500000, -104.95948213888889000000
   900,  12.41819540792855600000,  31.70000,  39.68423483333333000000, -104.95950011111111000000
   901,  12.42736170815506000000,  32.30000,  39.68410269444444000000, -104.95951805555556000000
   902,  12.43686219632317200000,  32.30000,  39.68396508333333000000, -104.95952475000000000000
   903,  12.44626222391126700000,  32.30000,  39.68382886111111000000, -104.95952844444444000000
   904,  12.45511396050100000000,  32.90000,  39.68370113888888500000, -104.95951263888890000000
   905,  12.46489583123724800000,  33.60000,  39.68355947222222000000, -104.95950508333334000000
   906,  12.47501824465464200000,  33.60000,  39.68341372222222000000, -104.95948325000000000000
   907,  12.48480017605256800000,  33.60000,  39.68327205555555500000, -104.95947566666666000000
   908,  12.49404757981721000000,  34.80000,  39.68313880555555000000, -104.95945686111111000000
   909,  12.50335275890658900000,  35.40000,  39.68300405555555000000, -104.95944927777778000000
   910,  12.51352518468956100000,  37.30000,  39.68285683333333000000, -104.95943872222223000000
   911,  12.52452089976349300000,  37.90000,  39.68269861111111000000, -104.95941388888889000000
   912,  12.53556388938642400000,  37.30000,  39.68253888888888500000, -104.95940030555556000000
   913,  12.54621478913506200000,  38.50000,  39.68238472222222000000, -104.95938972222223000000
   914,  12.55742954701173500000,  39.80000,  39.68222216666666000000, -104.95939041666666000000
   915,  12.56864621616115200000,  39.80000,  39.68205958333333400000, -104.95939108333333000000
   916,  12.58024484084430300000,  41.60000,  39.68189147222222000000, -104.95938877777778000000
   917,  12.59195594869251700000,  42.30000,  39.68172186111111000000, -104.95939769444445000000
   918,  12.60403364356474400000,  42.90000,  39.68154680555555600000, -104.95939538888890000000
   919,  12.61602018188762000000,  42.90000,  39.68137311111111000000, -104.95939005555556000000
   920,  12.62858605535630800000,  42.30000,  39.68119102777778000000, -104.95939597222223000000
   921,  12.64096047429698900000,  43.50000,  39.68101177777777600000, -104.95938763888890000000
   922,  12.65381177698158800000,  43.50000,  39.68082561111111000000, -104.95937930555556000000
   923,  12.66589870963189000000,  42.90000,  39.68065047222222000000, -104.95938522222222000000
   924,  12.67788521115657000000,  42.30000,  39.68047677777778000000, -104.95937991666666000000
   925,  12.68949513208593600000,  42.30000,  39.68030855555555500000, -104.95938583333334000000
   926,  12.70100271179085300000,  41.00000,  39.68014180555555000000, -104.95938050000001000000
   927,  12.71212419689787000000,  39.80000,  39.67998061111110500000, -104.95937816666667000000
   928,  12.72276851551954000000,  37.90000,  39.67982633333333000000, -104.95937586111111000000
   929,  12.73302891383125000000,  36.70000,  39.67967761111111000000, -104.95937655555556000000
   930,  12.74290598575553600000,  36.00000,  39.67953447222222000000, -104.95938022222222000000
   931,  12.75316638355069200000,  37.30000,  39.67938574999999400000, -104.95938091666667000000
   932,  12.76362061305116700000,  36.70000,  39.67923430555555000000, -104.95938761111111000000
   933,  12.77388101031499800000,  37.90000,  39.67908558333333000000, -104.95938830555556000000
   934,  12.78500836910854000000,  38.50000,  39.67892450000000000000, -104.95937775000000000000
   935,  12.79565270301195100000,  39.10000,  39.67877022222222000000, -104.95937541666667000000
   936,  12.80688518337783500000,  37.30000,  39.67860755555555000000, -104.95938436111112000000
   937,  12.81791573179201300000,  39.80000,  39.67844772222222000000, -104.95937902777779000000
   938,  12.82865329972712400000,  38.50000,  39.67829208333333000000, -104.95937969444445000000
   939,  12.83998937073815200000,  38.50000,  39.67812802777777400000, -104.95939163888889000000
   940,  12.85111083555406900000,  41.00000,  39.67796683333333000000, -104.95938933333333000000
   941,  12.86272075176434800000,  41.00000,  39.67779861111111000000, -104.95939525000000000000
   942,  12.87470536685027200000,  41.60000,  39.67762494444444000000, -104.95938991666667000000
   943,  12.88583832818651800000,  41.60000,  39.67746363888889000000, -104.95939586111112000000
   944,  12.89663003981500500000,  41.60000,  39.67730777777778000000, -104.95941302777779000000
   945,  12.90854256186933000000,  43.50000,  39.67713558333333000000, -104.95939644444445000000
   946,  12.92071549739925700000,  42.30000,  39.67695913888889000000, -104.95939713888889000000
   947,  12.93222307079110100000,  42.30000,  39.67679238888888400000, -104.95939180555555000000
   948,  12.94326414098117600000,  40.40000,  39.67663269444444000000, -104.95937822222223000000
   949,  12.95525066961450400000,  40.40000,  39.67645899999999400000, -104.95937288888890000000
   950,  12.96573688811102600000,  37.90000,  39.67630744444444000000, -104.95938786111111000000
   951,  12.97599727495739500000,  36.70000,  39.67615872222222000000, -104.95938852777778000000
   952,  12.98647892299136900000,  36.00000,  39.67600733333333000000, -104.95937194444444000000
   953,  12.99608059592964300000,  34.80000,  39.67586836111111000000, -104.95938166666667000000
   954,  13.00616955435041800000,  33.60000,  39.67572250000000000000, -104.95936808333333000000
   955,  13.01556956905378100000,  31.70000,  39.67558627777777500000, -104.95937177777778000000
   956,  13.02411451940564000000,  30.40000,  39.67546252777777500000, -104.95937847222223000000
   957,  13.03265755489048000000,  28.60000,  39.67533880555555500000, -104.95938516666666000000
   958,  13.03998278171758500000,  25.50000,  39.67523308333333000000, -104.95939788888889000000
   959,  13.04669441970347000000,  23.60000,  39.67513580555555600000, -104.95939936111111000000
   960,  13.05254993777548100000,  22.40000,  39.67505099999999600000, -104.95940380555555000000
   961,  13.05840551588363500000,  21.10000,  39.67496619444444400000, -104.95940827777778000000
   962,  13.06309380495586800000,  19.90000,  39.67489827777778000000, -104.95940527777778000000
   963,  13.06703369264946500000,  15.50000,  39.67484261111111000000, -104.95942177777778000000
   964,  13.07068420031232100000,  14.90000,  39.67479658333333000000, -104.95945555555556000000
   965,  13.07420936511417300000,  11.80000,  39.67477947222222000000, -104.95951786111111000000
   966,  13.08047888590013000000,  14.30000,  39.67476616666666400000, -104.95963419444445000000
   967,  13.08596910877945300000,  16.80000,  39.67477650000000000000, -104.95973630555555000000
   968,  13.09225177200248600000,  20.50000,  39.67479091666666600000, -104.95985266666666000000
   969,  13.09911332887569400000,  23.60000,  39.67480386111111000000, -104.95998027777777000000
   970,  13.10597463533698300000,  23.60000,  39.67481677777778000000, -104.96010788888888000000
   971,  13.11305342217295500000,  23.00000,  39.67483525000000000000, -104.96023850000000000000
   972,  13.11969674767364500000,  23.00000,  39.67483569444444000000, -104.96036311111110000000
   973,  13.12635953103164300000,  24.20000,  39.67484308333333000000, -104.96048772222223000000
   974,  13.13401281309843000000,  25.50000,  39.67486008333333000000, -104.96062958333333000000
   975,  13.14125767105472400000,  25.50000,  39.67485902777778000000, -104.96076547222222000000
   976,  13.14833930297702300000,  25.50000,  39.67485936111111000000, -104.96089830555556000000
   977,  13.15559380669179600000,  24.20000,  39.67486527777777600000, -104.96103416666666000000
   978,  13.16148271805445800000,  20.50000,  39.67486163888888500000, -104.96114452777778000000
   979,  13.16636461492268000000,  16.80000,  39.67485266666666600000, -104.96123536111111000000
   980,  13.17013308783970000000,  13.00000,  39.67484933333333400000, -104.96130591666667000000
   981,  13.17347488502564600000,  11.20000,  39.67483358333333000000, -104.96136519444445000000
