67177
    12,   0.03535650444128425600,  21.10000,  39.53828033333333000000, -104.86056016666666000000
    13,   0.04167691839399971500,  21.70000,  39.53825175000000000000, -104.86067258333333000000
    14,   0.04733060956757096000,  20.50000,  39.53823711111111000000, -104.86077672222221000000
    15,   0.05352666605949346600,  19.90000,  39.53822794444444000000, -104.86089211111110000000
    16,   0.05918035910327231000,  20.50000,  39.53821330555555000000, -104.86099625000000000000
    17,   0.06416219547562611000,  19.90000,  39.53820708333333000000, -104.86108916666666000000
    18,   0.06981589015583630000,  18.60000,  39.53819244444444000000, -104.86119330555555000000
    19,   0.07553440438427420000,  18.00000,  39.53816533333333000000, -104.86129447222221000000
    20,   0.08087093587431934000,  18.00000,  39.53812719444444000000, -104.86138138888889000000
    21,   0.08627418147952999000,  18.60000,  39.53808352777778000000, -104.86146536111110000000
    22,   0.09210484996764146000,  18.60000,  39.53802049999999500000, -104.86153808333333000000
    23,   0.09861421760029582000,  20.50000,  39.53793536111111000000, -104.86159061111111000000
    24,   0.10496949484618573000,  22.40000,  39.53784622222222000000, -104.86162063888888000000
    25,   0.11132514717556401000,  23.60000,  39.53775708333333000000, -104.86165069444444000000
    26,   0.11801402874254198000,  24.20000,  39.53766241666666000000, -104.86167775000000000000
    27,   0.12551835660868493000,  24.90000,  39.53755525000000000000, -104.86170183333333000000
    28,   0.13337993101011836000,  26.70000,  39.53744522222222000000, -104.86174013888888000000
    29,   0.14138272386665470000,  28.60000,  39.53733919444444000000, -104.86180091666667000000
    30,   0.14906801988040310000,  28.60000,  39.53723461111111000000, -104.86185047222222000000
    31,   0.15636452557575925000,  26.70000,  39.53714108333333000000, -104.86191425000000000000
    32,   0.16375004611699510000,  26.10000,  39.53704205555555000000, -104.86196677777777000000
    33,   0.17043893010093150000,  24.20000,  39.53694738888889000000, -104.86199383333333000000
    34,   0.17762953110511984000,  24.20000,  39.53684316666666400000, -104.86199541666666000000
    35,   0.18423213510382994000,  21.70000,  39.53674883333333400000, -104.86197455555555000000
    36,   0.19047040939008927000,  20.50000,  39.53665855555555500000, -104.86196788888888000000
    37,   0.19536099711408433000,  18.00000,  39.53658772222222000000, -104.86196422222221000000
    38,   0.20036552832350240000,  14.90000,  39.53651541666667000000, -104.86197177777777000000
    39,   0.20417914418659820000,  13.00000,  39.53646113888889000000, -104.86198530555555000000
    40,   0.20735767201611466000,  11.80000,  39.53641925000000000000, -104.86201008333333000000
    41,   0.20968180984708545000,   9.90000,  39.53639541666666400000, -104.86204083333332000000
    42,   0.21164631548205110000,   8.10000,  39.53638405555555000000, -104.86207455555555000000
    43,   0.21498613149852347000,  10.60000,  39.53636283333333000000, -104.86213074999999000000
    44,   0.21864006692109678000,  13.70000,  39.53635399999999600000, -104.86219819444445000000
    45,   0.22376100090147930000,  21.10000,  39.53635333333333000000, -104.86229405555555000000
    46,   0.23084491334871926000,  26.70000,  39.53635377777778000000, -104.86242666666666000000
    47,   0.23912952971528630000,  31.70000,  39.53635127777777600000, -104.86258172222222000000
    48,   0.24804517429058200000,  35.40000,  39.53634036111111000000, -104.86274802777777000000
    49,   0.25944933825754890000,  39.80000,  39.53631663888888400000, -104.86295930555555000000
    50,   0.27105965815145620000,  44.10000,  39.53631094444444500000, -104.86317652777777000000
    51,   0.28402579352280816000,  47.20000,  39.53630783333333000000, -104.86341922222222000000
    52,   0.29759060409754940000,  47.80000,  39.53631019444444000000, -104.86367313888888000000
    53,   0.31115960532578450000,  48.50000,  39.53630561111111000000, -104.86392708333332000000
    54,   0.32566695221850390000,  49.70000,  39.53631758333333000000, -104.86419822222221000000
    55,   0.33939119296533654000,  46.60000,  39.53631852777777000000, -104.86445513888889000000
    56,   0.35279803252862900000,  44.70000,  39.53631536111111000000, -104.86470608333333000000
    57,   0.36500267360445450000,  44.10000,  39.53631511111111000000, -104.86493455555555000000
    58,   0.37798833483920774000,  44.70000,  39.53632588888889000000, -104.86517724999999000000
    59,   0.39079903966668130000,  44.10000,  39.53633113888889000000, -104.86541697222222000000
    60,   0.40360820623808585000,  43.50000,  39.53633636111111000000, -104.86565666666667000000
    61,   0.41582156596099210000,  42.30000,  39.53634305555555500000, -104.86588513888888000000
    62,   0.42747361617964390000,  40.40000,  39.53635819444444000000, -104.86610238888888000000
    63,   0.43832121016551207000,  38.50000,  39.53636227777777600000, -104.86630538888889000000
    64,   0.44916885344810060000,  36.70000,  39.53636638888889000000, -104.86650838888889000000
    65,   0.45985448151187996000,  34.80000,  39.53636494444444000000, -104.86670841666665000000
    66,   0.46933980040964960000,  33.60000,  39.53636647222222000000, -104.86688597222222000000
    67,   0.47882361424484493000,  31.70000,  39.53636797222222000000, -104.86706350000000000000
    68,   0.48714509166202197000,  29.20000,  39.53637936111111000000, -104.86721858333333000000
    69,   0.49461862737637430000,  28.00000,  39.53640616666666600000, -104.86735413888889000000
    70,   0.50217541315262830000,  26.10000,  39.53645388888888600000, -104.86748147222221000000
    71,   0.50939598962634450000,  24.90000,  39.53651702777777600000, -104.86758927777777000000
    72,   0.51694961892069850000,  25.50000,  39.53660252777777400000, -104.86767761111110000000
    73,   0.52564944732457040000,  26.70000,  39.53671455555555500000, -104.86775238888889000000
    74,   0.53525909524208730000,  31.10000,  39.53684900000000000000, -104.86779944444444000000
    75,   0.54538816987828520000,  34.20000,  39.53699180555555000000, -104.86784349999999000000
    76,   0.55603564963611870000,  37.30000,  39.53714008333333400000, -104.86789880555555000000
    77,   0.56703893394538240000,  41.00000,  39.53729536111110600000, -104.86794586111111000000
    78,   0.57943125974191360000,  42.90000,  39.53746861111111000000, -104.86800713888888000000
    79,   0.59131043693035010000,  44.70000,  39.53763638888888500000, -104.86805716666666000000
    80,   0.60452266339537140000,  46.60000,  39.53782069444444000000, -104.86812438888889000000
    81,   0.61902711569402120000,  49.70000,  39.53802591666666000000, -104.86818338888888000000
    82,   0.63310960485571410000,  52.20000,  39.53822708333333000000, -104.86822813888888000000
    83,   0.64847036093606100000,  54.10000,  39.53844625000000000000, -104.86827886111111000000
    84,   0.66343821540016790000,  55.30000,  39.53866136111111000000, -104.86831538888889000000
    85,   0.67888100534326210000,  56.50000,  39.53888341666666400000, -104.86835188888888000000
    86,   0.69432379508410100000,  57.20000,  39.53910547222222000000, -104.86838838888889000000
    87,   0.70986422150679040000,  57.20000,  39.53933047222222000000, -104.86840241666665000000
    88,   0.72582119551693190000,  57.20000,  39.53956094444444600000, -104.86842766666666000000
    89,   0.74169521921122140000,  57.20000,  39.53978999999999600000, -104.86845591666666000000
    90,   0.75765231920680070000,  57.80000,  39.54002047222222000000, -104.86848119444444000000
    91,   0.77453862777557360000,  58.40000,  39.54026488888888500000, -104.86849819444444000000
    92,   0.79089153904153930000,  59.00000,  39.54050091666666600000, -104.86852644444444000000
    93,   0.80724254233323420000,  59.00000,  39.54073691666667000000, -104.86855469444444000000
    94,   0.82365056300862420000,  58.40000,  39.54097438888888400000, -104.86857172222221000000
    95,   0.84000156667843530000,  58.40000,  39.54121038888888500000, -104.86859997222221000000
    96,   0.85548122496520720000,  56.50000,  39.54143391666666000000, -104.86862522222222000000
    97,   0.87056778399585520000,  55.90000,  39.54165191666666600000, -104.86864752777777000000
    98,   0.88604744270881800000,  55.30000,  39.54187544444444000000, -104.86867277777777000000
    99,   0.90105002988326890000,  55.30000,  39.54209202777778000000, -104.86869805555556000000
   100,   0.91652777996723080000,  55.90000,  39.54231552777777400000, -104.86872330555555000000
   101,   0.93288082984678820000,  56.50000,  39.54255155555555500000, -104.86875158333332000000
   102,   0.94842126370256660000,  57.20000,  39.54277655555555500000, -104.86876561111110000000
   103,   0.96429528950495960000,  56.50000,  39.54300561111110600000, -104.86879386111110000000
   104,   0.98025226755033290000,  57.20000,  39.54323608333333000000, -104.86881911111111000000
   105,   0.99564944504610090000,  56.50000,  39.54345819444444000000, -104.86884736111111000000
   106,   1.01166842564277260000,  57.20000,  39.54369013888888400000, -104.86886138888889000000
   107,   1.02754259314477600000,  59.00000,  39.54391919444444000000, -104.86888966666666000000
   108,   1.04437260690334000000,  59.70000,  39.54416216666666600000, -104.86891791666666000000
   109,   1.06078055259600550000,  60.30000,  39.54439963888889000000, -104.86893491666666000000
   110,   1.07713155900289340000,  59.70000,  39.54463563888888400000, -104.86896316666666000000
   111,   1.09344820293436480000,  59.00000,  39.54487016666666000000, -104.86900266666666000000
   112,   1.10932413777764600000,  58.40000,  39.54509925000000000000, -104.86903091666666000000
   113,   1.12567514474396460000,  58.40000,  39.54533525000000000000, -104.86905916666666000000
   114,   1.14247521424589470000,  58.40000,  39.54557827777778000000, -104.86907916666667000000
   115,   1.15843232057528620000,  59.00000,  39.54580875000000000000, -104.86910444444443000000
   116,   1.17523047851906900000,  61.50000,  39.54605175000000000000, -104.86912444444444000000
   117,   1.19211871395527540000,  62.80000,  39.54629619444444400000, -104.86914144444444000000
   118,   1.20939501556917280000,  62.10000,  39.54654613888888500000, -104.86916144444444000000
   119,   1.22535212295738670000,  64.00000,  39.54677661111110600000, -104.86918672222221000000
   120,   1.24218213939944140000,  64.60000,  39.54701958333333000000, -104.86921497222221000000
   121,   1.25861475519251930000,  63.40000,  39.54725697222222000000, -104.86924024999999000000
   122,   1.27453308690057700000,  61.50000,  39.54748597222222000000, -104.86927677777777000000
   123,   1.29141941192925060000,  60.30000,  39.54773038888889000000, -104.86929377777777000000
   124,   1.30737652061309200000,  59.70000,  39.54796086111111000000, -104.86931905555555000000
   125,   1.32339551136389620000,  60.30000,  39.54819280555555000000, -104.86933308333333000000
   126,   1.34028183795033870000,  60.30000,  39.54843722222222000000, -104.86935008333333000000
   127,   1.35764856820011980000,  61.50000,  39.54868861111111000000, -104.86936711111110000000
   128,   1.37453497571430660000,  60.90000,  39.54893302777778000000, -104.86938413888888000000
   129,   1.39223447590387160000,  60.90000,  39.54918844444444000000, -104.86941536111111000000
   130,   1.40858753125126610000,  60.90000,  39.54942447222222000000, -104.86944363888888000000
   131,   1.42595227243047800000,  60.90000,  39.54967583333333000000, -104.86946063888888000000
   132,   1.44317692848770760000,  60.90000,  39.54992433333333000000, -104.86949188888889000000
   133,   1.46006325889153080000,  60.90000,  39.55016875000000000000, -104.86950888888889000000
   134,   1.47821049227683640000,  60.90000,  39.55043119444444000000, -104.86953188888889000000
   135,   1.49596690914027920000,  60.90000,  39.55068811111111000000, -104.86955188888888000000
   136,   1.51319156582753940000,  60.90000,  39.55093661111110500000, -104.86958313888888000000
   137,   1.53041417164746600000,  60.30000,  39.55118508333333000000, -104.86961436111110000000
   138,   1.54716206128259700000,  59.70000,  39.55142663888888400000, -104.86964561111111000000
   139,   1.56435459424570580000,  59.70000,  39.55167366666666600000, -104.86968811111110000000
   140,   1.58110248411185900000,  59.70000,  39.55191522222222000000, -104.86971936111111000000
   141,   1.59782004215024090000,  60.90000,  39.55215530555555000000, -104.86976183333333000000
   142,   1.61453590255942680000,  61.50000,  39.55239536111111000000, -104.86980433333332000000
   143,   1.63212962806536830000,  62.80000,  39.55264794444444500000, -104.86984980555555000000
   144,   1.64932196354836310000,  62.10000,  39.55289497222222000000, -104.86989227777777000000
   145,   1.66691379013842500000,  64.00000,  39.55314752777777400000, -104.86993774999999000000
   146,   1.68450561626511700000,  64.60000,  39.55340008333333000000, -104.86998322222222000000
   147,   1.70209033710136630000,  65.20000,  39.55365116666666000000, -104.87003994444444000000
   148,   1.72055821249874260000,  65.90000,  39.55391622222222000000, -104.87008838888889000000
   149,   1.73952905905356530000,  67.70000,  39.55418969444444000000, -104.87012561111110000000
   150,   1.75847161674173110000,  68.40000,  39.55446169444444000000, -104.87017408333332000000
   151,   1.77693759300823830000,  69.00000,  39.55472672222222000000, -104.87022252777777000000
   152,   1.79588014969104930000,  68.40000,  39.55499872222222000000, -104.87027099999999000000
   153,   1.81482250320253100000,  67.70000,  39.55527072222222000000, -104.87031944444443000000
   154,   1.83379144429794950000,  68.40000,  39.55554416666666400000, -104.87035666666667000000
   155,   1.85273399945217390000,  67.70000,  39.55581616666666600000, -104.87040513888888000000
   156,   1.87215125639656990000,  69.00000,  39.55609511111110500000, -104.87045361111110000000
   157,   1.89069254877707780000,  69.60000,  39.55636155555555400000, -104.87049908333333000000
   158,   1.91013800358923860000,  69.60000,  39.55664194444444000000, -104.87053630555555000000
   159,   1.92866918515898030000,  68.40000,  39.55690694444444000000, -104.87059302777777000000
   160,   1.94768553969913800000,  67.10000,  39.55718033333333000000, -104.87063850000000000000
   161,   1.96582620602020230000,  65.90000,  39.55744122222222000000, -104.87068097222222000000
   162,   1.98389474391753560000,  64.60000,  39.55770074999999500000, -104.87072647222222000000
   163,   2.00156018410930600000,  65.20000,  39.55795469444444000000, -104.87076894444444000000
   164,   2.01922771498043200000,  63.40000,  39.55820866666666500000, -104.87081144444444000000
   165,   2.03601971026145230000,  62.10000,  39.55845013888889000000, -104.87085097222221000000
   166,   2.05279727140627700000,  60.30000,  39.55869013888888500000, -104.87090172222221000000
   167,   2.06871559480817970000,  58.40000,  39.55891913888889000000, -104.87093825000000000000
   168,   2.08415836631585450000,  53.40000,  39.55914119444444000000, -104.87097474999999000000
   169,   2.09830956421424550000,  50.30000,  39.55934375000000000000, -104.87101655555554000000
   170,   2.11200359881679670000,  48.50000,  39.55954083333333000000, -104.87104711111111000000
   171,   2.12568191688781600000,  47.80000,  39.55973644444444000000, -104.87108891666666000000
   172,   2.13850267791944800000,  47.20000,  39.55992105555555600000, -104.87111647222221000000
   173,   2.15172116186587870000,  47.80000,  39.56011119444444000000, -104.87114702777777000000
   174,   2.16539947826419970000,  48.50000,  39.56030680555555500000, -104.87118883333332000000
   175,   2.17909351242201500000,  49.10000,  39.56050388888889000000, -104.87121938888889000000
   176,   2.19318554011154940000,  51.00000,  39.56070649999999500000, -104.87125291666666000000
   177,   2.20775498341237770000,  52.20000,  39.56091608333333000000, -104.87128647222221000000
   178,   2.22272281291143700000,  52.80000,  39.56113119444444000000, -104.87132299999999000000
   179,   2.23816386868929000000,  54.10000,  39.56135322222221600000, -104.87135952777777000000
   180,   2.25313169770276640000,  54.10000,  39.56156833333333400000, -104.87139605555555000000
   181,   2.26897527560512960000,  54.70000,  39.56179594444444000000, -104.87143555555555000000
   182,   2.28441823177308570000,  55.90000,  39.56201799999999500000, -104.87147208333333000000
   183,   2.30029241122350400000,  56.50000,  39.56224705555555000000, -104.87150036111110000000
   184,   2.31526023924362500000,  55.90000,  39.56246216666666000000, -104.87153688888888000000
   185,   2.33110381594215500000,  55.30000,  39.56268977777778000000, -104.87157638888888000000
   186,   2.34606162198885000000,  54.70000,  39.56290341666666400000, -104.87162416666666000000
   187,   2.36102944927961960000,  54.70000,  39.56311852777777500000, -104.87166069444444000000
   188,   2.37645764700772140000,  54.10000,  39.56333908333333000000, -104.87170847222221000000
   189,   2.39142547381419050000,  55.30000,  39.56355419444444000000, -104.87174499999999000000
   190,   2.40726904904121800000,  55.90000,  39.56378180555555000000, -104.87178449999999000000
   191,   2.42271200339175700000,  57.20000,  39.56400386111111000000, -104.87182102777777000000
   192,   2.43855387627364850000,  57.80000,  39.56423144444444000000, -104.87186055555554000000
   193,   2.45487068953039200000,  56.50000,  39.56446597222221600000, -104.87190008333333000000
   194,   2.47074663723885400000,  57.20000,  39.56469505555555000000, -104.87192833333333000000
   195,   2.48670389001739500000,  58.40000,  39.56492552777777400000, -104.87195363888888000000
   196,   2.50305491282623960000,  59.00000,  39.56516152777777500000, -104.87198188888888000000
   197,   2.51988317092024250000,  59.70000,  39.56540447222222000000, -104.87201016666666000000
   198,   2.53623623917130400000,  59.00000,  39.56564050000000000000, -104.87203844444444000000
   199,   2.55255305080372840000,  59.70000,  39.56587502777778000000, -104.87207797222221000000
   200,   2.56934485237769800000,  60.30000,  39.56611650000000000000, -104.87211747222221000000
   201,   2.58617311136519000000,  61.50000,  39.56635944444444400000, -104.87214574999999000000
   202,   2.60347857883433330000,  62.80000,  39.56660933333333000000, -104.87217402777777000000
   203,   2.62030874690265140000,  62.10000,  39.56685230555556000000, -104.87220230555555000000
   204,   2.63713700657787030000,  60.30000,  39.56709525000000000000, -104.87223058333333000000
   205,   2.65396526648023960000,  59.00000,  39.56733819444444600000, -104.87225886111110000000
   206,   2.67075706666040440000,  59.70000,  39.56757966666667000000, -104.87229836111110000000
   207,   2.68753483577036920000,  60.30000,  39.56781966666667000000, -104.87234913888888000000
   208,   2.70432853666763900000,  60.30000,  39.56806116666667000000, -104.87238863888888000000
   209,   2.72151934282603540000,  60.90000,  39.56830816666667000000, -104.87243116666666000000
   210,   2.73874401049147100000,  61.50000,  39.56855666666667000000, -104.87246241666666000000
   211,   2.75681063132258060000,  62.80000,  39.56881616666667000000, -104.87250791666666000000
   212,   2.77400314016896350000,  61.50000,  39.56906319444444600000, -104.87255041666666000000
   213,   2.79119564867280360000,  60.90000,  39.56931022222223000000, -104.87259291666666000000
   214,   2.80791358174098750000,  60.30000,  39.56955030555556000000, -104.87263544444444000000
   215,   2.82462331589216960000,  59.70000,  39.56978891666667000000, -104.87268919444443000000
   216,   2.84133914820687660000,  59.00000,  39.57002897222222500000, -104.87273169444444000000
   217,   2.85853165537050200000,  59.00000,  39.57027600000000000000, -104.87277419444443000000
   218,   2.87527970187188630000,  59.70000,  39.57051755555556000000, -104.87280547222221000000
   219,   2.89198943188249700000,  60.30000,  39.57075616666667000000, -104.87285922222222000000
   220,   2.90870716126869600000,  60.30000,  39.57099625000000000000, -104.87290172222221000000
   221,   2.92629205756595970000,  60.90000,  39.57124733333334000000, -104.87295847222221000000
   222,   2.94301598337418650000,  60.90000,  39.57148447222222400000, -104.87302347222221000000
   223,   2.96019787546789370000,  60.90000,  39.57173002777778000000, -104.87307722222222000000
   224,   2.97732826354869800000,  61.50000,  39.57197269444445000000, -104.87314522222222000000
   225,   2.99492871608303000000,  62.80000,  39.57222233333333600000, -104.87321319444443000000
   226,   3.01252759738411240000,  63.40000,  39.57247194444444500000, -104.87328119444443000000
   227,   3.03053440041973100000,  64.00000,  39.57272711111111400000, -104.87335216666666000000
   228,   3.04816795612460640000,  63.40000,  39.57297525000000600000, -104.87343138888889000000
   229,   3.06533901490439600000,  63.40000,  39.57321647222223000000, -104.87351063888889000000
   230,   3.08340664352004220000,  63.40000,  39.57347302777778000000, -104.87357861111110000000
   231,   3.10063202039686960000,  63.40000,  39.57371563888889000000, -104.87365486111110000000
   232,   3.11826592031343900000,  62.80000,  39.57396377777778400000, -104.87373411111110000000
   233,   3.13549129178404050000,  62.80000,  39.57420638888889000000, -104.87381036111111000000
   234,   3.15323047647578200000,  62.80000,  39.57445444444445000000, -104.87389786111110000000
   235,   3.17086587237062020000,  62.10000,  39.57470261111111400000, -104.87397708333333000000
   236,   3.18808972422450280000,  61.50000,  39.57494519444444600000, -104.87405336111111000000
   237,   3.20484995070605460000,  60.90000,  39.57518086111111400000, -104.87412961111110000000
   238,   3.22207530876926100000,  60.30000,  39.57542347222223000000, -104.87420586111111000000
   239,   3.23839122263882560000,  59.70000,  39.57565505555556000000, -104.87426786111111000000
   240,   3.25515180123020600000,  60.30000,  39.57589072222222600000, -104.87434413888889000000
   241,   3.27237715147361900000,  60.30000,  39.57613333333334000000, -104.87442038888888000000
   242,   3.28910104022634300000,  59.70000,  39.57637047222222000000, -104.87448538888889000000
   243,   3.30545102938639600000,  59.00000,  39.57660058333334000000, -104.87455866666666000000
   244,   3.32217491459484960000,  58.40000,  39.57683772222222000000, -104.87462366666666000000
   245,   3.33802230074426640000,  58.40000,  39.57706236111112000000, -104.87468569444444000000
   246,   3.35392527196890300000,  56.50000,  39.57728988888889000000, -104.87473349999999000000
   247,   3.36935531051556230000,  55.90000,  39.57751047222222000000, -104.87478127777777000000
   248,   3.38432779546637530000,  54.70000,  39.57772263888889000000, -104.87484030555555000000
   249,   3.39928579819406540000,  53.40000,  39.57793627777778000000, -104.87488811111110000000
   250,   3.41424380011977350000,  52.20000,  39.57814991666667000000, -104.87493591666666000000
   251,   3.42872970755927000000,  51.00000,  39.57835661111111000000, -104.87498369444444000000
   252,   3.44281067201568860000,  49.10000,  39.57855775000000000000, -104.87502850000000000000
   253,   3.45642164057873420000,  46.60000,  39.57875197222223000000, -104.87507330555555000000
   254,   3.46876847603429670000,  44.10000,  39.57892669444445000000, -104.87512338888888000000
   255,   3.48105551808476100000,  44.10000,  39.57910000000000400000, -104.87517644444443000000
   256,   3.49250971054831050000,  41.00000,  39.57926369444445000000, -104.87521230555555000000
   257,   3.50302203912854940000,  37.90000,  39.57941352777778000000, -104.87524813888888000000
   258,   3.51312710274599100000,  36.00000,  39.57955777777778000000, -104.87528099999999000000
   259,   3.52285189275618960000,  33.60000,  39.57969800000000000000, -104.87529963888888000000
   260,   3.53209817419877400000,  31.10000,  39.57983125000000500000, -104.87531824999999000000
   261,   3.53999564281347250000,  28.60000,  39.57994508333333500000, -104.87533388888889000000
   262,   3.54700413044520160000,  24.90000,  39.58004497222222500000, -104.87535780555555000000
   263,   3.55324052539902700000,  22.40000,  39.58013522222222500000, -104.87536447222222000000
   264,   3.55688554168945700000,  18.00000,  39.58018802777778000000, -104.87536219444443000000
   265,   3.56021920050116700000,  16.80000,  39.58023130555556000000, -104.87533441666666000000
   266,   3.56486738890168200000,  17.40000,  39.58027900000000400000, -104.87527291666666000000
   267,   3.56941564390754600000,  16.80000,  39.58029763888889400000, -104.87519119444444000000
   268,   3.57385085649721600000,  16.80000,  39.58030933333334000000, -104.87510950000000000000
   269,   3.57897302559104500000,  18.60000,  39.58031002777778400000, -104.87501355555555000000
   270,   3.58472996306810800000,  19.30000,  39.58031913888889000000, -104.87490636111110000000
   271,   3.58928261041124400000,  16.80000,  39.58031141666667000000, -104.87482166666666000000
   272,   3.59320795765364580000,  13.00000,  39.58030916666667000000, -104.87474819444444000000
   273,   3.59576903343119670000,   7.50000,  39.58030950000000600000, -104.87470022222222000000
   274,   3.59791598230599960000,   2.50000,  39.58028750000000400000, -104.87467177777778000000
   275,   3.60057367229646400000,   0.00000,  39.58031141666667000000, -104.87463274999999000000
   276,   3.60057367229646400000,   0.00000,  39.58031141666667000000, -104.87463274999999000000
   277,   3.60057367229646400000,   0.00000,  39.58031141666667000000, -104.87463274999999000000
   278,   3.60057367229646400000,   0.00000,  39.58031141666667000000, -104.87463274999999000000
   279,   3.60057367229646400000,   0.00000,  39.58031141666667000000, -104.87463274999999000000
   280,   3.60057367229646400000,   0.00000,  39.58031141666667000000, -104.87463274999999000000
   281,   3.60057367229646400000,   0.00000,  39.58031141666667000000, -104.87463274999999000000
   282,   3.60057367229646400000,   0.00000,  39.58031141666667000000, -104.87463274999999000000
   283,   3.60057367229646400000,   4.30000,  39.58031141666667000000, -104.87463274999999000000
   284,   3.60300862283952400000,   9.90000,  39.58031730555556000000, -104.87458777777778000000
   285,   3.60634023515749020000,  14.90000,  39.58031358333333600000, -104.87452555555555000000
   286,   3.61146240393849800000,  18.00000,  39.58031427777778000000, -104.87442961111111000000
   287,   3.61658455510445400000,  19.90000,  39.58031494444444600000, -104.87433366666666000000
   288,   3.62230902697166800000,  21.10000,  39.58031711111111400000, -104.87422647222222000000
   289,   3.62879210273614000000,  23.60000,  39.58031522222222500000, -104.87410505555555000000
   290,   3.63587451063417700000,  25.50000,  39.58031477777778000000, -104.87397238888889000000
   291,   3.64317162036282200000,  28.00000,  39.58030186111112000000, -104.87383672222222000000
   292,   3.65101938371249270000,  28.60000,  39.58029736111111400000, -104.87368983333333000000
   293,   3.65946569638379900000,  29.20000,  39.58029430555556000000, -104.87353166666666000000
   294,   3.66775105947867840000,  29.20000,  39.58029683333333500000, -104.87337649999999000000
   295,   3.67622124444561200000,  28.60000,  39.58028686111111000000, -104.87321836111110000000
   296,   3.68450656831409600000,  28.00000,  39.58028936111111000000, -104.87306319444444000000
   297,   3.69235581481975300000,  29.20000,  39.58028486111112000000, -104.87291627777778000000
   298,   3.70066492865804800000,  30.40000,  39.58029430555556000000, -104.87276111111110000000
   299,   3.70970836551223300000,  31.70000,  39.58029272222222500000, -104.87259172222221000000
   300,   3.71875177962513570000,  32.90000,  39.58029116666667000000, -104.87242233333333000000
   301,   3.72780219577442340000,  34.20000,  39.58029655555555600000, -104.87225294444444000000
   302,   3.73732531010068900000,  34.80000,  39.58030894444445000000, -104.87207527777777000000
   303,   3.74680626355126100000,  35.40000,  39.58033380555556000000, -104.87190061111110000000
   304,   3.75693347898061520000,  35.40000,  39.58037263888889000000, -104.87171766666665000000
   305,   3.76719641975990040000,  36.00000,  39.58041841666667000000, -104.87153475000000000000
   306,   3.77803389669324560000,  36.70000,  39.58047122222222000000, -104.87134355555555000000
   307,   3.78885977763217460000,  37.90000,  39.58053511111112000000, -104.87115833333333000000
   308,   3.80075371954421960000,  39.80000,  39.58058388888889600000, -104.87094463888889000000
   309,   3.81222336221340900000,  41.00000,  39.58063261111111000000, -104.87073922222221000000
   310,   3.82356185278991840000,  42.30000,  39.58067438888889500000, -104.87053380555555000000
   311,   3.83563713101982760000,  42.30000,  39.58072458333333500000, -104.87031711111110000000
   312,   3.84771098065684000000,  42.90000,  39.58077477777778000000, -104.87010044444443000000
   313,   3.85978482230785200000,  42.90000,  39.58082497222222400000, -104.86988377777777000000
   314,   3.87185810649538300000,  41.60000,  39.58087513888889000000, -104.86966711111110000000
   315,   3.88265369230137900000,  41.00000,  39.58090991666667000000, -104.86946994444443000000
   316,   3.89472838364350300000,  41.60000,  39.58096008333334000000, -104.86925325000000000000
   317,   3.90616464341212600000,  40.40000,  39.58101436111111600000, -104.86905083333333000000
   318,   3.91763563908456640000,  40.40000,  39.58106308333333000000, -104.86884538888889000000
   319,   3.92850095385053400000,  39.80000,  39.58111030555556000000, -104.86865122222221000000
   320,   3.94010265525201930000,  39.80000,  39.58117705555556000000, -104.86845174999999000000
   321,   3.95110960692161050000,  39.10000,  39.58123677777778000000, -104.86826055555555000000
   322,   3.96174344653824300000,  39.10000,  39.58130752777778000000, -104.86808358333333000000
   323,   3.97292148983876500000,  39.80000,  39.58139769444445000000, -104.86790961111110000000
   324,   3.98364443030282040000,  39.10000,  39.58149191666667000000, -104.86774986111111000000
   325,   3.99493117124163000000,  41.00000,  39.58160419444444500000, -104.86759608333332000000
   326,   4.00655056229169600000,  41.60000,  39.58172338888889000000, -104.86744230555554000000
   327,   4.01868861759606000000,  43.50000,  39.58185508333334000000, -104.86729152777777000000
   328,   4.03197760530486800000,  44.70000,  39.58201175000001000000, -104.86714669444444000000
   329,   4.04338040516966800000,  43.50000,  39.58215150000000000000, -104.86703263888889000000
   330,   4.05612694667670850000,  42.90000,  39.58231625000000500000, -104.86692455555554000000
   331,   4.06742731106544100000,  42.90000,  39.58246961111111500000, -104.86685019444444000000
   332,   4.07980383258636700000,  42.30000,  39.58264102777778000000, -104.86678180555555000000
   333,   4.09180911358869900000,  41.00000,  39.58281088888889000000, -104.86673294444444000000
   334,   4.10366024481637200000,  41.00000,  39.58298194444445000000, -104.86671252777776000000
   335,   4.11547319133790200000,  41.60000,  39.58315291666667000000, -104.86670038888889000000
   336,   4.12718276296330000000,  42.30000,  39.58332250000000000000, -104.86669122222222000000
   337,   4.13926013973685900000,  42.90000,  39.58349755555556000000, -104.86669330555554000000
   338,   4.15133943314575300000,  43.50000,  39.58367263888889000000, -104.86669538888889000000
   339,   4.16389396343554500000,  44.10000,  39.58385461111111400000, -104.86669747222221000000
   340,   4.17635705461996900000,  44.70000,  39.58403522222223000000, -104.86670255555555000000
   341,   4.18891350196928000000,  44.70000,  39.58421722222222000000, -104.86670463888888000000
   342,   4.20137659390215000000,  45.40000,  39.58439783333333400000, -104.86670972222221000000
   343,   4.21393304203323550000,  44.10000,  39.58457983333333600000, -104.86671180555555000000
   344,   4.22601042140887600000,  44.10000,  39.58475488888889000000, -104.86671388888888000000
   345,   4.23808780114639700000,  42.90000,  39.58492994444445000000, -104.86671597222221000000
   346,   4.24968611368451200000,  42.90000,  39.58509805555555500000, -104.86671805555555000000
   347,   4.26214920743741800000,  41.60000,  39.58527866666667000000, -104.86672313888889000000
   348,   4.27366743190574300000,  41.60000,  39.58544530555556000000, -104.86673647222221000000
   349,   4.28526574546768600000,  42.30000,  39.58561341666667000000, -104.86673855555554000000
   350,   4.29724983613891400000,  42.30000,  39.58578708333334000000, -104.86674361111110000000
   351,   4.30981585613904400000,  43.50000,  39.58596916666667000000, -104.86673744444444000000
   352,   4.32179998099567300000,  44.70000,  39.58614283333333400000, -104.86674252777777000000
   353,   4.33474416737783500000,  45.40000,  39.58633044444445000000, -104.86673933333333000000
   354,   4.34769027036230900000,  46.60000,  39.58651808333334000000, -104.86673613888888000000
   355,   4.36025437615797500000,  47.80000,  39.58670013888889400000, -104.86672997222222000000
   356,   4.37358381658488300000,  47.80000,  39.58689325000000000000, -104.86673802777777000000
   357,   4.38662689111233400000,  47.20000,  39.58708225000000000000, -104.86673183333333000000
   358,   4.39908998896262800000,  46.00000,  39.58726286111111400000, -104.86673691666665000000
   359,   4.41213302677264300000,  46.00000,  39.58745186111111000000, -104.86673074999999000000
   360,   4.42507507394948800000,  45.40000,  39.58763941666667000000, -104.86673580555555000000
   361,   4.43811811256145900000,  46.00000,  39.58782841666667000000, -104.86672963888888000000
   362,   4.45116306732263200000,  47.20000,  39.58801744444444600000, -104.86672347222222000000
   363,   4.46518709044138400000,  47.80000,  39.58822041666667000000, -104.86670902777777000000
   364,   4.47823204603647300000,  47.80000,  39.58840944444444400000, -104.86670286111111000000
   365,   4.49188338178257400000,  47.20000,  39.58860686111111000000, -104.86668541666666000000
   366,   4.50530662252125950000,  46.60000,  39.58880141666667000000, -104.86668222222221000000
   367,   4.51883052124779900000,  46.00000,  39.58899738888889000000, -104.86667605555554000000
   368,   4.53225376287876300000,  46.60000,  39.58919194444444400000, -104.86667286111110000000
   369,   4.54529680479983000000,  47.80000,  39.58938094444445000000, -104.86666669444443000000
   370,   4.55910318382142500000,  48.50000,  39.58958097222222000000, -104.86667474999999000000
   371,   4.57262708427712300000,  49.10000,  39.58977694444444500000, -104.86666858333332000000
   372,   4.58652937948322050000,  49.10000,  39.58997844444445000000, -104.86666538888889000000
   373,   4.59994850482252200000,  48.50000,  39.59017291666667000000, -104.86667044444444000000
   374,   4.61385078286107400000,  48.50000,  39.59037441666667000000, -104.86666727777776000000
   375,   4.62765716405775800000,  48.50000,  39.59057444444445000000, -104.86667533333333000000
   376,   4.64117918710034800000,  48.50000,  39.59077038888889000000, -104.86666913888888000000
   377,   4.65460433023694350000,  47.80000,  39.59096497222222400000, -104.86666597222222000000
   378,   4.66754446903383350000,  46.60000,  39.59115250000000000000, -104.86667102777777000000
   379,   4.68048655517294800000,  43.50000,  39.59134005555555500000, -104.86667611111110000000
   380,   4.69170118270415000000,  39.10000,  39.59150261111111000000, -104.86667519444444000000
   381,   4.70243863574276850000,  36.70000,  39.59165825000000000000, -104.86667430555555000000
   382,   4.71193932929147000000,  35.40000,  39.59179586111111600000, -104.86666744444443000000
   383,   4.72124196214926900000,  31.70000,  39.59193058333334000000, -104.86667480555555000000
   384,   4.72929483602011400000,  27.30000,  39.59204730555556000000, -104.86667619444444000000
   385,   4.73600646972294800000,  22.40000,  39.59214458333334000000, -104.86667458333332000000
   386,   4.74148868988062000000,  18.60000,  39.59222383333333500000, -104.86666702777777000000
   387,   4.74637931822424700000,  16.80000,  39.59229466666667000000, -104.86667069444444000000
   388,   4.75090650457270200000,  17.40000,  39.59236002777778000000, -104.86666313888888000000
   389,   4.75627592705271200000,  19.30000,  39.59243780555555500000, -104.86666683333333000000
   390,   4.76175825662624100000,  21.70000,  39.59251705555556000000, -104.86665925000000000000
   391,   4.76846987203277800000,  24.90000,  39.59261433333334000000, -104.86665766666665000000
   392,   4.77566055901887800000,  27.30000,  39.59271855555556000000, -104.86665605555555000000
   393,   4.78323436621063400000,  28.60000,  39.59282833333334000000, -104.86665744444444000000
   394,   4.79128532504359050000,  28.60000,  39.59294502777778000000, -104.86665883333333000000
   395,   4.79933820031417700000,  29.80000,  39.59306175000000400000, -104.86666022222222000000
   396,   4.80836018143221400000,  30.40000,  39.59319241666667000000, -104.86665336111110000000
   397,   4.81641114076813400000,  31.10000,  39.59330911111111000000, -104.86665475000000000000
   398,   4.82543312221817800000,  31.70000,  39.59343977777778000000, -104.86664788888888000000
   399,   4.83434914055336700000,  31.70000,  39.59356897222222000000, -104.86665225000000000000
   400,   4.84289244989671700000,  29.80000,  39.59369269444445000000, -104.86664538888888000000
   401,   4.85094340992249400000,  28.00000,  39.59380938888889000000, -104.86664677777777000000
   402,   4.85911448107804300000,  27.30000,  39.59392758333333000000, -104.86663691666666000000
   403,   4.86643641576309000000,  26.10000,  39.59403325000000000000, -104.86662408333333000000
   404,   4.87314996793535500000,  23.60000,  39.59413055555556000000, -104.86662247222222000000
   405,   4.87986158518633400000,  21.70000,  39.59422783333333500000, -104.86662088888889000000
   406,   4.88523095495797200000,  19.90000,  39.59430561111111000000, -104.86662455555555000000
   407,   4.89108479300439600000,  18.00000,  39.59439038888889000000, -104.86661997222221000000
   408,   4.89597548248300700000,  16.20000,  39.59446122222222000000, -104.86662366666665000000
   409,   4.90014158715743300000,  14.30000,  39.59452105555556000000, -104.86661311111110000000
   410,   4.90330782902852750000,  13.00000,  39.59456691666667000000, -104.86661083333333000000
   411,   4.90685520130442800000,  11.20000,  39.59461833333334000000, -104.86661152777778000000
   412,   4.91002341540671600000,   9.90000,  39.59466422222223000000, -104.86660922222222000000
   413,   4.91224636713325150000,   7.50000,  39.59469611111111000000, -104.86661519444444000000
   414,   4.91375507222861100000,   5.60000,  39.59471702777778000000, -104.86660694444444000000
   415,   4.91559917055483700000,   5.60000,  39.59474344444445000000, -104.86660166666667000000
   416,   4.91710830894962500000,   6.20000,  39.59476436111111000000, -104.86659338888889000000
   417,   4.91912106978234100000,   8.70000,  39.59478125000000400000, -104.86656263888888000000
   418,   4.92227943637098300000,  11.20000,  39.59481350000000000000, -104.86652063888889000000
   419,   4.92504174747942100000,  13.70000,  39.59483327777778000000, -104.86647563888889000000
   420,   4.92941012378597150000,  16.80000,  39.59485052777778000000, -104.86639688888889000000
   421,   4.93516713745394050000,  20.50000,  39.59485961111111000000, -104.86628966666666000000
   422,   4.94224954740779300000,  24.90000,  39.59485916666666600000, -104.86615697222221000000
   423,   4.95009863420534400000,  28.00000,  39.59485466666667000000, -104.86601002777778000000
   424,   4.95838758429898400000,  29.80000,  39.59485022222223000000, -104.86585483333333000000
   425,   4.96683361349516000000,  29.80000,  39.59484716666667000000, -104.86569663888888000000
   426,   4.97587664149180850000,  29.80000,  39.59484558333334000000, -104.86552722222221000000
   427,   4.98416171464966900000,  29.80000,  39.59484808333334000000, -104.86537202777777000000
   428,   4.99260769649040700000,  30.40000,  39.59484505555556000000, -104.86521383333333000000
   429,   5.00149565230083050000,  31.10000,  39.59484902777778400000, -104.86504738888888000000
   430,   5.00994168164126800000,  31.10000,  39.59484597222222400000, -104.86488919444444000000
   431,   5.01900316922837100000,  31.10000,  39.59483744444444400000, -104.86471977777778000000
   432,   5.02731203392067900000,  31.10000,  39.59484688888889000000, -104.86456458333333000000
   433,   5.03619998949705600000,  31.70000,  39.59485086111111000000, -104.86439813888889000000
   434,   5.04508942646005200000,  32.90000,  39.59485483333333600000, -104.86423166666665000000
   435,   5.05474376221796450000,  34.80000,  39.59486166666667000000, -104.86405099999999000000
   436,   5.06422850738601600000,  36.70000,  39.59486016666667000000, -104.86387330555554000000
   437,   5.07463586983695800000,  37.90000,  39.59485600000000000000, -104.86367838888889000000
   438,   5.08550203368048400000,  39.10000,  39.59486577777778000000, -104.86347519444443000000
   439,   5.09695006211200800000,  39.80000,  39.59487008333333000000, -104.86326077777777000000
   440,   5.10779702759432600000,  40.40000,  39.59487291666667000000, -104.86305758333333000000
   441,   5.11926748769694100000,  42.30000,  39.59488416666667000000, -104.86284316666666000000
   442,   5.13148096771634000000,  43.50000,  39.59487747222222000000, -104.86261449999999000000
   443,   5.14368572272304100000,  44.10000,  39.59487769444445000000, -104.86238583333333000000
   444,   5.15607943700877000000,  44.10000,  39.59486544444444400000, -104.86215416666666000000
   445,   5.16828419412616750000,  45.40000,  39.59486566666667000000, -104.86192550000000000000
   446,   5.18108994486503300000,  46.60000,  39.59486738888889000000, -104.86168558333333000000
   447,   5.19449737613448500000,  47.20000,  39.59487055555556000000, -104.86143441666665000000
   448,   5.20775656691755200000,  47.20000,  39.59487927777778000000, -104.86118624999999000000
   449,   5.22074170881014000000,  47.20000,  39.59486850000000400000, -104.86094336111111000000
   450,   5.23414913986546450000,  47.80000,  39.59487166666667000000, -104.86069219444444000000
   451,   5.24755728709466100000,  47.80000,  39.59486791666667000000, -104.86044102777777000000
   452,   5.26036301978487000000,  47.80000,  39.59486961111111500000, -104.86020111111111000000
   453,   5.27377045062604650000,  47.80000,  39.59487277777778000000, -104.85994994444444000000
   454,   5.28717788085625000000,  47.80000,  39.59487594444444600000, -104.85969877777777000000
   455,   5.29998362970285700000,  47.20000,  39.59487766666667000000, -104.85945886111111000000
   456,   5.31278936059866400000,  46.00000,  39.59487936111111000000, -104.85921894444444000000
   457,   5.32515821794537200000,  44.70000,  39.59487402777778000000, -104.85898730555554000000
   458,   5.33693192177603500000,  44.10000,  39.59486725000000000000, -104.85876688888888000000
   459,   5.34913667857590500000,  44.10000,  39.59486747222223000000, -104.85853822222222000000
   460,   5.36150056318908500000,  44.10000,  39.59486908333333600000, -104.85830658333333000000
   461,   5.37387084745031000000,  44.10000,  39.59486377777778000000, -104.85807491666667000000
   462,   5.38548179048646400000,  44.10000,  39.59486947222222000000, -104.85785750000000000000
   463,   5.39785064959093200000,  44.10000,  39.59486413888889400000, -104.85762586111110000000
   464,   5.41006540720119400000,  44.10000,  39.59487130555556000000, -104.85739719444445000000
   465,   5.42243426597991500000,  43.50000,  39.59486597222222000000, -104.85716555555555000000
   466,   5.43451230675156600000,  42.30000,  39.59487869444444600000, -104.85693986111110000000
   467,   5.44627524167788900000,  42.30000,  39.59487883333333000000, -104.85671947222221000000
   468,   5.45847999644573450000,  42.90000,  39.59487905555556000000, -104.85649080555555000000
   469,   5.47068475117526200000,  42.90000,  39.59487927777778000000, -104.85626213888888000000
   470,   5.48229569162540100000,  43.50000,  39.59488497222222500000, -104.85604472222222000000
   471,   5.49466602991763300000,  43.50000,  39.59487963888889000000, -104.85581305555554000000
   472,   5.50688078481083400000,  44.10000,  39.59488680555556000000, -104.85558438888889000000
   473,   5.51984735528400800000,  45.40000,  39.59488294444445000000, -104.85534150000000000000
   474,   5.53266632395620500000,  45.40000,  39.59489155555555600000, -104.85510158333332000000
   475,   5.54487107649148900000,  44.10000,  39.59489177777778000000, -104.85487291666666000000
   476,   5.55767680478927500000,  44.10000,  39.59489347222222500000, -104.85463299999999000000
   477,   5.56988155698821200000,  44.70000,  39.59489369444444400000, -104.85440433333332000000
   478,   5.58270061263373200000,  45.40000,  39.59490233333334000000, -104.85416441666666000000
   479,   5.59566718021315000000,  46.60000,  39.59489847222222600000, -104.85392152777777000000
   480,   5.60847288993008400000,  46.00000,  39.59490013888889000000, -104.85368161111110000000
   481,   5.62143941868878100000,  45.40000,  39.59489630555556000000, -104.85343872222222000000
   482,   5.63364416813686500000,  44.70000,  39.59489650000000400000, -104.85321005555555000000
   483,   5.64644989556524400000,  44.10000,  39.59489819444445000000, -104.85297013888888000000
   484,   5.65866344574213900000,  43.50000,  39.59489147222222000000, -104.85274147222222000000
   485,   5.67086819829272600000,  44.10000,  39.59489169444445000000, -104.85251280555555000000
   486,   5.68307294854931200000,  44.10000,  39.59489188888889000000, -104.85228413888888000000
   487,   5.69528649983256500000,  44.10000,  39.59488516666667000000, -104.85205547222222000000
   488,   5.70794294427703900000,  44.70000,  39.59489241666667000000, -104.85181852777777000000
   489,   5.72014769440620700000,  44.70000,  39.59489261111111000000, -104.85158986111111000000
   490,   5.73280265605807400000,  44.70000,  39.59489986111112000000, -104.85135294444444000000
   491,   5.74545902224756100000,  45.40000,  39.59490708333333000000, -104.85111599999999000000
   492,   5.75767257086569550000,  44.70000,  39.59490036111111500000, -104.85088733333333000000
   493,   5.76988612066397300000,  44.70000,  39.59489363888889000000, -104.85065866666666000000
   494,   5.78193727279808900000,  44.70000,  39.59489938888889000000, -104.85043300000000000000
   495,   5.79398365837897800000,  45.40000,  39.59489819444445000000, -104.85020730555554000000
   496,   5.80678938549403300000,  46.00000,  39.59489988888889000000, -104.84996738888889000000
   497,   5.81959509495082550000,  47.20000,  39.59490155555556000000, -104.84972747222221000000
   498,   5.83240082144774200000,  47.80000,  39.59490325000000000000, -104.84948755555556000000
   499,   5.84580821471899700000,  48.50000,  39.59490638888889400000, -104.84923638888888000000
   500,   5.85877478154264250000,  49.10000,  39.59490252777778000000, -104.84899349999999000000
   501,   5.87267246456326200000,  49.70000,  39.59491963888889000000, -104.84873405555555000000
   502,   5.88624033971606000000,  50.30000,  39.59492416666667000000, -104.84847991666666000000
   503,   5.90026910040813300000,  51.00000,  39.59493572222222500000, -104.84821749999999000000
   504,   5.91503581218109400000,  51.60000,  39.59493627777778400000, -104.84794083333333000000
   505,   5.92906457043755100000,  52.80000,  39.59494783333333600000, -104.84767841666667000000
   506,   5.94383874272576500000,  53.40000,  39.59495530555556000000, -104.84740177777778000000
   507,   5.95861291342795200000,  54.10000,  39.59496277777778000000, -104.84712513888888000000
   508,   5.97433184978258150000,  54.10000,  39.59498427777778000000, -104.84683194444445000000
   509,   5.98909706865607500000,  54.10000,  39.59498483333333500000, -104.84655530555555000000
   510,   6.00386376515505400000,  53.40000,  39.59498536111111400000, -104.84627863888889000000
   511,   6.01862897895143250000,  52.80000,  39.59498588888889000000, -104.84600200000000000000
   512,   6.03355825419472800000,  52.20000,  39.59498088888889000000, -104.84572236111110000000
   513,   6.04772312282136150000,  52.20000,  39.59497994444445000000, -104.84545697222222000000
   514,   6.06248982520567100000,  52.80000,  39.59498050000000500000, -104.84518030555554000000
   515,   6.07681321446715500000,  52.80000,  39.59498094444444400000, -104.84491194444443000000
   516,   6.09157991179182700000,  52.80000,  39.59498147222222000000, -104.84463527777777000000
   517,   6.10634512641382000000,  51.60000,  39.59498200000000000000, -104.84435863888888000000
   518,   6.12067692314321800000,  51.00000,  39.59497552777778000000, -104.84409025000000000000
   519,   6.13424221645694600000,  50.30000,  39.59497311111111600000, -104.84383611111110000000
   520,   6.14841887084002900000,  49.70000,  39.59496522222222000000, -104.84357069444444000000
   521,   6.16258373396994850000,  50.30000,  39.59496430555556000000, -104.84330530555555000000
   522,   6.17674860597403100000,  51.60000,  39.59496336111111000000, -104.84303991666667000000
   523,   6.19136111430187000000,  52.80000,  39.59496941666667000000, -104.84276625000000000000
   524,   6.20613676370342000000,  53.40000,  39.59497688888889400000, -104.84248958333333000000
   525,   6.22135267796262400000,  54.10000,  39.59498444444445000000, -104.84220466666666000000
   526,   6.23611789195293100000,  54.10000,  39.59498497222222000000, -104.84192802777777000000
   527,   6.25133373892026000000,  54.10000,  39.59499250000000400000, -104.84164311111111000000
   528,   6.26610696621906100000,  54.10000,  39.59498611111111000000, -104.84136644444445000000
   529,   6.28132281293816950000,  53.40000,  39.59499363888889400000, -104.84108152777777000000
   530,   6.29608802497717100000,  53.40000,  39.59499416666666600000, -104.84080488888888000000
   531,   6.31070052683726200000,  54.70000,  39.59500022222222500000, -104.84053122222221000000
   532,   6.32591643599690700000,  55.30000,  39.59500777777778000000, -104.84024630555555000000
   533,   6.34068971735544200000,  54.10000,  39.59500136111111600000, -104.83996963888889000000
   534,   6.35469671943121650000,  54.10000,  39.59499902777778000000, -104.83970722222222000000
   535,   6.36830754980543800000,  53.40000,  39.59498272222223000000, -104.83945308333332000000
   536,   6.38248420223230100000,  52.80000,  39.59497483333334000000, -104.83918766666666000000
   537,   6.39681457840327700000,  52.20000,  39.59496833333333400000, -104.83891930555555000000
   538,   6.41098093216746100000,  50.30000,  39.59496738888889000000, -104.83865388888889000000
   539,   6.42438828226575600000,  49.10000,  39.59497050000000000000, -104.83840272222221000000
   540,   6.43795357655999900000,  48.50000,  39.59496808333333500000, -104.83814858333332000000
   541,   6.45107864900275000000,  47.80000,  39.59496558333333400000, -104.83790269444444000000
   542,   6.46404524430706800000,  47.20000,  39.59496169444445000000, -104.83765980555555000000
   543,   6.47701184033475800000,  46.60000,  39.59495780555556000000, -104.83741691666667000000
   544,   6.48983070657480350000,  46.00000,  39.59496638888889000000, -104.83717700000000000000
   545,   6.50279878400714500000,  46.00000,  39.59496250000000000000, -104.83693408333333000000
   546,   6.51576537988608300000,  46.00000,  39.59495861111111000000, -104.83669119444444000000
   547,   6.52813428030926350000,  46.00000,  39.59495325000000000000, -104.83645955555555000000
   548,   6.54110087791202600000,  45.40000,  39.59494936111111000000, -104.83621666666666000000
   549,   6.55330561609485150000,  44.70000,  39.59494952777778000000, -104.83598800000000000000
   550,   6.56567095158450700000,  45.40000,  39.59495111111111500000, -104.83575633333332000000
   551,   6.57847663454842700000,  46.00000,  39.59495275000000400000, -104.83551641666666000000
   552,   6.59144323224436600000,  46.00000,  39.59494886111111400000, -104.83527352777777000000
   553,   6.60440987046027300000,  47.20000,  39.59494494444445000000, -104.83503063888888000000
   554,   6.61678025524491200000,  46.00000,  39.59493958333333600000, -104.83479897222222000000
   555,   6.62898499709837800000,  42.90000,  39.59493977777778000000, -104.83457030555554000000
   556,   6.64060323010908900000,  39.80000,  39.59493152777778000000, -104.83435288888889000000
   557,   6.65041254704659200000,  36.70000,  39.59492583333333500000, -104.83416925000000000000
   558,   6.66005684404290300000,  33.60000,  39.59492569444445000000, -104.83398855555555000000
   559,   6.66894301971394100000,  29.80000,  39.59492266666667000000, -104.83382211111110000000
   560,   6.67602543180393850000,  26.10000,  39.59492219444445000000, -104.83368941666666000000
   561,   6.68295791065438500000,  23.00000,  39.59492725000000500000, -104.83355969444445000000
   562,   6.68868261345305400000,  21.10000,  39.59492938888889000000, -104.83345247222222000000
   563,   6.69323601504952200000,  18.00000,  39.59492163888889000000, -104.83336775000000000000
   564,   6.69835857343133200000,  16.20000,  39.59492230555555600000, -104.83327177777777000000
   565,   6.70212658348680100000,  15.50000,  39.59492555555555500000, -104.83320130555555000000
   566,   6.70666827522465500000,  14.90000,  39.59493169444445000000, -104.83311658333334000000
   567,   6.71043639929093300000,  13.70000,  39.59493497222223000000, -104.83304611111110000000
   568,   6.71436099905705500000,  13.70000,  39.59493269444444500000, -104.83297263888889000000
   569,   6.71752574256459800000,  13.70000,  39.59493447222223000000, -104.83291338888888000000
   570,   6.72144886095798700000,  14.30000,  39.59493219444444600000, -104.83283994444444000000
   571,   6.72521846491713500000,  13.70000,  39.59493547222222500000, -104.83276944444444000000
   572,   6.72854952973688400000,  13.00000,  39.59493172222223000000, -104.83270722222221000000
   573,   6.73231753928404900000,  12.40000,  39.59493497222223000000, -104.83263674999999000000
   574,   6.73487807672419800000,  11.20000,  39.59493530555556000000, -104.83258877777777000000
   575,   6.73772460709261200000,   9.30000,  39.59492316666667000000, -104.83253780555555000000
   576,   6.74028512847405200000,   8.70000,  39.59492347222223000000, -104.83248983333333000000
   577,   6.74224816936600900000,   8.70000,  39.59492233333333600000, -104.83245308333333000000
   578,   6.74420972888983200000,   8.10000,  39.59492119444444600000, -104.83241636111110000000
   579,   6.74603666550084750000,   6.20000,  39.59492561111111500000, -104.83238261111110000000
   580,   6.74754893267348200000,   5.00000,  39.59491605555556000000, -104.83235711111111000000
   581,   6.74815791160004500000,   3.10000,  39.59491752777778000000, -104.83234586111111000000
   608,   6.75145486112767800000,   3.10000,  39.59494977777778000000, -104.83230383333333000000
   609,   6.75341641987734400000,   6.80000,  39.59494863888889400000, -104.83226711111111000000
   610,   6.75597553955364100000,   9.30000,  39.59496144444444000000, -104.83222211111111000000
   611,   6.75914035660046150000,  12.40000,  39.59496325000000000000, -104.83216286111110000000
   612,   6.76368039141261100000,  16.20000,  39.59496936111111000000, -104.83207816666666000000
   613,   6.76820263240245200000,  19.30000,  39.59496855555556000000, -104.83199344444444000000
   614,   6.77393502498983700000,  19.90000,  39.59496375000000500000, -104.83188622222222000000
   615,   6.77922677063106250000,  20.50000,  39.59495886111112000000, -104.83178727777778000000
   616,   6.78571004307987700000,  21.70000,  39.59495691666667000000, -104.83166583333333000000
   617,   6.79203812090874150000,  24.20000,  39.59496050000000000000, -104.83154736111110000000
   618,   6.79929102297337700000,  26.70000,  39.59495447222223000000, -104.83141169444444000000
   619,   6.80697558120177900000,  30.40000,  39.59495544444444400000, -104.83126772222222000000
   620,   6.81601861847462850000,  32.90000,  39.59495383333333500000, -104.83109830555556000000
   621,   6.82566291368375400000,  34.80000,  39.59495366666667000000, -104.83091761111110000000
   622,   6.83530572422405600000,  37.30000,  39.59495352777778000000, -104.83073694444444000000
   623,   6.84555085990326200000,  37.30000,  39.59495483333333000000, -104.83054500000000000000
   624,   6.85598272258069500000,  37.30000,  39.59494366666666600000, -104.83035008333333000000
   625,   6.86622637717312000000,  36.70000,  39.59494497222222000000, -104.83015816666666000000
   626,   6.87603725055095700000,  36.00000,  39.59493925000000000000, -104.82997449999999000000
   627,   6.88568154568541900000,  36.00000,  39.59493911111112000000, -104.82979380555555000000
   628,   6.89533682547559800000,  34.80000,  39.59493200000000000000, -104.82961313888889000000
   629,   6.90498112161609700000,  34.20000,  39.59493186111111400000, -104.82943244444444000000
   630,   6.91423515139978900000,  34.80000,  39.59491772222223000000, -104.82926002777778000000
   631,   6.92372660775317300000,  34.80000,  39.59492311111111500000, -104.82908233333333000000
   632,   6.93413406736220200000,  36.00000,  39.59491888888889000000, -104.82888741666666000000
   633,   6.94437920814365000000,  37.90000,  39.59492019444445000000, -104.82869547222222000000
   634,   6.95522673174563700000,  39.10000,  39.59491602777778000000, -104.82849230555556000000
   635,   6.96623223559153800000,  40.40000,  39.59491325000000500000, -104.82828613888888000000
   636,   6.97768163952551400000,  42.30000,  39.59491750000000000000, -104.82807169444445000000
   637,   6.98988638330018000000,  44.10000,  39.59491766666667000000, -104.82784302777777000000
   638,   7.00210007620065600000,  44.70000,  39.59491088888889000000, -104.82761436111110000000
   639,   7.01490576657064300000,  44.70000,  39.59491252777778000000, -104.82737444444444000000
   640,   7.02711946037156650000,  44.10000,  39.59490575000000000000, -104.82714577777777000000
   641,   7.03932420620886500000,  44.10000,  39.59490591666667000000, -104.82691711111110000000
   642,   7.05198049600201300000,  44.70000,  39.59491311111111000000, -104.82668016666666000000
   643,   7.06418524054686500000,  44.70000,  39.59491327777778000000, -104.82645149999999000000
   644,   7.07699091370288800000,  45.40000,  39.59491488888889400000, -104.82621158333333000000
   645,   7.08919565793576640000,  45.40000,  39.59491505555556000000, -104.82598291666666000000
   646,   7.10140935129342000000,  44.70000,  39.59490827777778000000, -104.82575425000000000000
   647,   7.11421504214481900000,  45.40000,  39.59490991666666600000, -104.82551433333333000000
   648,   7.12641978725024900000,  44.10000,  39.59491008333334000000, -104.82528566666666000000
   649,   7.13862453232643200000,  44.10000,  39.59491025000000500000, -104.82505700000000000000
   650,   7.15082927572152500000,  44.70000,  39.59491038888889000000, -104.82482833333333000000
   651,   7.16288036203053800000,  44.10000,  39.59491611111111000000, -104.82460266666666000000
   652,   7.17508510604893500000,  43.50000,  39.59491627777778000000, -104.82437399999999000000
   653,   7.18776907148385200000,  43.50000,  39.59493038888889000000, -104.82413705555555000000
   654,   7.19982157351856900000,  45.40000,  39.59493608333334000000, -104.82391136111110000000
   655,   7.21202631403213100000,  44.70000,  39.59493625000000000000, -104.82368269444444000000
   656,   7.22483198295937200000,  44.70000,  39.59493786111111000000, -104.82344277777777000000
   657,   7.23703672316028000000,  44.70000,  39.59493802777778000000, -104.82321411111111000000
   658,   7.24940568469487500000,  45.40000,  39.59493263888889000000, -104.82298247222222000000
   659,   7.26161937496991000000,  45.40000,  39.59492586111111500000, -104.82275380555555000000
   660,   7.27442504580850600000,  45.40000,  39.59492747222222400000, -104.82251388888889000000
   661,   7.28662978783387200000,  45.40000,  39.59492763888889000000, -104.82228522222222000000
   662,   7.29943545834652000000,  45.40000,  39.59492925000000000000, -104.82204530555555000000
   663,   7.31180442144012050000,  45.40000,  39.59492386111111000000, -104.82181366666666000000
   664,   7.32401811325370300000,  45.40000,  39.59491708333333500000, -104.82158500000000000000
   665,   7.33638861818037600000,  45.40000,  39.59491166666667000000, -104.82135333333333000000
   666,   7.34919430840784100000,  45.40000,  39.59491330555556000000, -104.82111341666666000000
   667,   7.36139905126672800000,  45.40000,  39.59491344444444400000, -104.82088474999999000000
   668,   7.37421783728554650000,  46.00000,  39.59492200000000400000, -104.82064483333333000000
   669,   7.38703662173220500000,  45.40000,  39.59493055555556000000, -104.82040491666666000000
   670,   7.39969290704794700000,  45.40000,  39.59493775000000000000, -104.82016797222222000000
   671,   7.41190742040355500000,  45.40000,  39.59494483333334000000, -104.81993930555555000000
   672,   7.42412118205907200000,  45.40000,  39.59493802777778000000, -104.81971063888888000000
   673,   7.43692686743179600000,  46.00000,  39.59493966666667000000, -104.81947072222222000000
   674,   7.44973253572998200000,  46.60000,  39.59494127777778000000, -104.81923080555555000000
   675,   7.46269921543744000000,  46.00000,  39.59493733333333400000, -104.81898791666666000000
   676,   7.47550488416386800000,  46.00000,  39.59493894444444000000, -104.81874800000000000000
   677,   7.48831056936917500000,  46.00000,  39.59494058333333000000, -104.81850808333333000000
   678,   7.50111623749792140000,  45.40000,  39.59494219444445000000, -104.81826816666667000000
   679,   7.51332999961550200000,  45.40000,  39.59493538888889000000, -104.81803950000000000000
   680,   7.52613566870129200000,  44.70000,  39.59493700000000000000, -104.81779958333333000000
   681,   7.53834040905331200000,  44.70000,  39.59493716666667000000, -104.81757091666667000000
   682,   7.55055417205319900000,  44.10000,  39.59493036111111000000, -104.81734225000000000000
   683,   7.56275891191908500000,  43.50000,  39.59493050000000400000, -104.81711358333332000000
   684,   7.57437714647588300000,  43.50000,  39.59492225000000000000, -104.81689616666667000000
   685,   7.58661869395272250000,  44.10000,  39.59490850000000000000, -104.81666750000000000000
   686,   7.59866509121858250000,  44.70000,  39.59490727777778000000, -104.81644180555556000000
   687,   7.61165066909942740000,  46.00000,  39.59489638888889000000, -104.81619891666666000000
   688,   7.62446114869055500000,  48.50000,  39.59489105555556000000, -104.81595899999999000000
   689,   7.63847077291609600000,  50.30000,  39.59489561111111000000, -104.81569658333333000000
   690,   7.65248183559698350000,  50.30000,  39.59490013888889000000, -104.81543413888889000000
   691,   7.66606157625301000000,  50.30000,  39.59489075000000500000, -104.81518000000000000000
   692,   7.67946986990975100000,  49.10000,  39.59488688888889400000, -104.81492883333333000000
   693,   7.69303522816213550000,  49.10000,  39.59488441666666600000, -104.81467469444443000000
   694,   7.70720162663605500000,  50.30000,  39.59488338888889000000, -104.81440927777777000000
   695,   7.72060896238431800000,  49.70000,  39.59488647222222000000, -104.81415811111111000000
   696,   7.73477386839504800000,  49.10000,  39.59488547222222400000, -104.81389272222222000000
   697,   7.74880231134932800000,  49.70000,  39.59489694444445000000, -104.81363030555555000000
   698,   7.76221112689606000000,  48.50000,  39.59490002777778000000, -104.81337911111110000000
   699,   7.77502166100395100000,  47.80000,  39.59489466666667000000, -104.81313919444445000000
   700,   7.78798834939778300000,  47.80000,  39.59489072222222500000, -104.81289630555555000000
   701,   7.80156809188891500000,  48.50000,  39.59488133333333000000, -104.81264216666666000000
   702,   7.81437375443891650000,  47.80000,  39.59488291666667000000, -104.81240224999999000000
   703,   7.82793911346526800000,  47.20000,  39.59488044444445000000, -104.81214811111111000000
   704,   7.84015288641153800000,  46.60000,  39.59487363888889000000, -104.81191944444444000000
   705,   7.85312106099504800000,  46.60000,  39.59486969444445000000, -104.81167652777778000000
   706,   7.86593154549837400000,  47.20000,  39.59486436111111400000, -104.81143661111110000000
   707,   7.87951138466919950000,  47.80000,  39.59485494444445000000, -104.81118247222221000000
   708,   7.89247808046488900000,  48.50000,  39.59485100000000600000, -104.81093958333334000000
   709,   7.90605801405269000000,  49.10000,  39.59484155555556000000, -104.81068544444445000000
   710,   7.91963933856706250000,  49.70000,  39.59483213888889000000, -104.81043127777778000000
   711,   7.93396986456224900000,  50.30000,  39.59482558333334000000, -104.81016291666667000000
   712,   7.94754971128717800000,  51.00000,  39.59481616666667000000, -104.80990877777778000000
   713,   7.96113104074798100000,  49.70000,  39.59480675000000400000, -104.80965461111111000000
   714,   7.97486522956911200000,  49.10000,  39.59479869444445000000, -104.80939750000000000000
   715,   7.98827354096619400000,  49.10000,  39.59479483333334000000, -104.80914633333333000000
   716,   8.00185339368068900000,  49.10000,  39.59478541666667000000, -104.80889219444444000000
   717,   8.01542027843430000000,  48.50000,  39.59478291666667000000, -104.80863802777777000000
   718,   8.02898565696239400000,  49.10000,  39.59478044444444600000, -104.80838388888888000000
   719,   8.04239298228629600000,  48.50000,  39.59478350000000500000, -104.80813272222223000000
   720,   8.05580030702199000000,  47.20000,  39.59478655555556000000, -104.80788155555555000000
   721,   8.06876701556313800000,  46.00000,  39.59478261111111400000, -104.80763866666666000000
   722,   8.08097178000466500000,  44.10000,  39.59478272222223000000, -104.80740999999999000000
   723,   8.09317654577831100000,  43.50000,  39.59478286111111000000, -104.80718133333333000000
   724,   8.10554565068132500000,  42.90000,  39.59477741666666600000, -104.80694969444444000000
   725,   8.11715032532910500000,  41.60000,  39.59477608333333600000, -104.80673227777777000000
   726,   8.12799720339517000000,  40.40000,  39.59477883333333600000, -104.80652908333333000000
   727,   8.13960189315726100000,  40.40000,  39.59477747222222600000, -104.80631166666666000000
   728,   8.15062629028509100000,  41.00000,  39.59476772222222000000, -104.80610550000000000000
   729,   8.16163185113057400000,  41.60000,  39.59476491666667000000, -104.80589933333333000000
   730,   8.17323504531007000000,  41.60000,  39.59476358333333000000, -104.80568194444444000000
   731,   8.18483973761723300000,  42.30000,  39.59476222222222000000, -104.80546452777777000000
   732,   8.19661228588420700000,  42.90000,  39.59475533333334000000, -104.80524413888888000000
   733,   8.20881705646418800000,  43.50000,  39.59475547222222500000, -104.80501547222222000000
   734,   8.22042175012465400000,  44.10000,  39.59475411111111500000, -104.80479805555555000000
   735,   8.23262651956750000000,  44.10000,  39.59475422222222000000, -104.80456938888888000000
   736,   8.24499557151125400000,  44.70000,  39.59474880555556000000, -104.80433775000000000000
   737,   8.25780125846186200000,  45.40000,  39.59475038888889000000, -104.80409783333333000000
   738,   8.27016509736233000000,  46.00000,  39.59475188888889400000, -104.80386619444444000000
   739,   8.28237889285042800000,  46.00000,  39.59474508333333600000, -104.80363752777778000000
   740,   8.29534564948156800000,  46.00000,  39.59474111111111000000, -104.80339463888889000000
   741,   8.30847084156450500000,  46.60000,  39.59473852777778000000, -104.80314874999999000000
   742,   8.32143755905530800000,  47.20000,  39.59473458333333400000, -104.80290586111111000000
   743,   8.33517176210400600000,  48.50000,  39.59472652777778000000, -104.80264875000000000000
   744,   8.34813852219308200000,  47.20000,  39.59472255555555600000, -104.80240586111111000000
   745,   8.36110400782885000000,  46.60000,  39.59472552777778000000, -104.80216297222222000000
   746,   8.37452742574322600000,  48.50000,  39.59473552777778000000, -104.80191180555555000000
   747,   8.38809664471868500000,  47.80000,  39.59473994444445000000, -104.80165763888888000000
   748,   8.40226159003777000000,  47.80000,  39.59473891666667000000, -104.80139224999999000000
   749,   8.41540044695909700000,  46.60000,  39.59472941666667000000, -104.80114638888888000000
   750,   8.42776428958758200000,  45.40000,  39.59473091666667000000, -104.80091475000000000000
   751,   8.44012813195009800000,  43.50000,  39.59473241666666600000, -104.80068311111111000000
   752,   8.45148991154176200000,  40.40000,  39.59471850000000000000, -104.80047100000000000000
   753,   8.46174254155975100000,  36.00000,  39.59469469444445000000, -104.80028138888889000000
   754,   8.47108957101313500000,  33.60000,  39.59465411111111000000, -104.80011430555555000000
   755,   8.48036367130406700000,  32.30000,  39.59459955555556000000, -104.79995550000000000000
   756,   8.48938304162093400000,  32.30000,  39.59451425000000000000, -104.79982744444445000000
   757,   8.49834663019428400000,  33.60000,  39.59442752777778000000, -104.79970238888889000000
   758,   8.50748167988560000000,  32.90000,  39.59431700000000400000, -104.79960813888889000000
   759,   8.51745543286025400000,  32.90000,  39.59418552777778000000, -104.79953041666667000000
   760,   8.52630750590989600000,  31.70000,  39.59405777777778000000, -104.79951491666667000000
   761,   8.53618483734496700000,  34.80000,  39.59391463888889000000, -104.79951894444444000000
   762,   8.54621979931490000000,  35.40000,  39.59377263888889000000, -104.79955969444444000000
   763,   8.55601555739913300000,  34.80000,  39.59364022222223000000, -104.79962594444444000000
   764,   8.56679338057215000000,  36.00000,  39.59351300000000000000, -104.79974313888889000000
   765,   8.57627008258971000000,  34.80000,  39.59341630555556000000, -104.79986925000000000000
   766,   8.58644138528271300000,  35.40000,  39.59333605555556000000, -104.80002911111112000000
   767,   8.59746035666062300000,  36.70000,  39.59328197222222000000, -104.80022336111111000000
   768,   8.60816048779487100000,  37.30000,  39.59325427777778000000, -104.80042061111111000000
   769,   8.61859140765414700000,  36.00000,  39.59326550000000000000, -104.80061549999999000000
   770,   8.62921691085908400000,  35.40000,  39.59328227777778000000, -104.80081338888888000000
   771,   8.63941352995419900000,  35.40000,  39.59333527777778000000, -104.80099172222222000000
   772,   8.65031699758943000000,  36.00000,  39.59342869444445000000, -104.80115649999999000000
   773,   8.66106127248347600000,  36.70000,  39.59353888888889400000, -104.80129875000000000000
   774,   8.67224316814057500000,  37.90000,  39.59367994444444600000, -104.80140194444444000000
   775,   8.68348401790013800000,  39.10000,  39.59382947222222500000, -104.80148561111110000000
   776,   8.69475127075178000000,  41.00000,  39.59398038888889500000, -104.80156630555555000000
   777,   8.70687686689120500000,  42.30000,  39.59414380555556000000, -104.80164994444443000000
   778,   8.71855891798364100000,  43.50000,  39.59430027777778000000, -104.80173361111110000000
   779,   8.73195740599322000000,  44.70000,  39.59448169444445000000, -104.80182322222223000000
   780,   8.74507731195758000000,  46.60000,  39.59465613888889400000, -104.80192111111111000000
   781,   8.75861079026544500000,  47.80000,  39.59483611111111400000, -104.80202200000000000000
   782,   8.77172892847167800000,  49.10000,  39.59501052777778000000, -104.80211988888888000000
   783,   8.78526180672922600000,  49.10000,  39.59519050000000000000, -104.80222075000000000000
   784,   8.79923553245934900000,  49.70000,  39.59537741666667000000, -104.80232161111111000000
   785,   8.81334092291983900000,  50.30000,  39.59556147222222000000, -104.80243669444444000000
   786,   8.82731520956416600000,  51.00000,  39.59574838888889000000, -104.80253758333333000000
   787,   8.84185336420926400000,  52.20000,  39.59593938888889400000, -104.80265266666666000000
   788,   8.85680592957384700000,  53.40000,  39.59613594444445000000, -104.80277072222222000000
   789,   8.87151809461553300000,  54.70000,  39.59632547222222600000, -104.80289708333333000000
   790,   8.88775832588383000000,  56.50000,  39.59654144444445000000, -104.80301813888889000000
   791,   8.90355954959392900000,  57.20000,  39.59675047222222600000, -104.80313916666667000000
   792,   8.92011030364735000000,  57.80000,  39.59697483333333400000, -104.80324897222222000000
   793,   8.93591151188697300000,  57.80000,  39.59718386111111000000, -104.80337000000000000000
   794,   8.95160216528384600000,  57.80000,  39.59739575000000400000, -104.80347683333333000000
   795,   8.96828299289637700000,  57.80000,  39.59761866666667000000, -104.80359788888889000000
   796,   8.98410784638528900000,  57.20000,  39.59782908333334000000, -104.80371594444445000000
   797,   9.00021319916937700000,  57.20000,  39.59804652777778000000, -104.80382575000000000000
   798,   9.01603862853637100000,  57.20000,  39.59825694444444400000, -104.80394383333334000000
   799,   9.03186346046591200000,  55.90000,  39.59846736111111000000, -104.80406188888888000000
   800,   9.04755407863953600000,  54.70000,  39.59867925000000000000, -104.80416872222222000000
   801,   9.06252659221928700000,  53.40000,  39.59887716666667000000, -104.80428383333333000000
   802,   9.07735884808466200000,  52.20000,  39.59907658333333600000, -104.80438769444444000000
   803,   9.09177398481388000000,  50.30000,  39.59927041666667000000, -104.80448855555555000000
   804,   9.10574816842093600000,  49.10000,  39.59945733333333000000, -104.80458944444445000000
   805,   9.11943997863190000000,  47.80000,  39.59963583333334000000, -104.80470158333333000000
   806,   9.13255974022798600000,  47.20000,  39.59981027777778000000, -104.80479947222221000000
   807,   9.14554578303017000000,  46.60000,  39.59998616666667000000, -104.80488613888889000000
   808,   9.15866377695935800000,  43.50000,  39.60016058333333400000, -104.80498402777778000000
   809,   9.16993145718277900000,  39.80000,  39.60031150000000400000, -104.80506475000000000000
   810,   9.18075740426300500000,  37.30000,  39.60045547222222000000, -104.80514544444443000000
   811,   9.19075563058925700000,  35.40000,  39.60058836111111400000, -104.80522019444444000000
   812,   9.20072985047711400000,  34.80000,  39.60071983333333600000, -104.80529794444445000000
   813,   9.21015083234728700000,  33.60000,  39.60084725000000000000, -104.80536144444444000000
   814,   9.21927845745627600000,  32.90000,  39.60096625000000000000, -104.80543619444444000000
   815,   9.22783927630276700000,  32.30000,  39.60108116666667000000, -104.80549672222222000000
   816,   9.23655459748080800000,  31.10000,  39.60119463888889000000, -104.80556849999999000000
   817,   9.24511541261288100000,  29.80000,  39.60130955555556000000, -104.80562902777777000000
   818,   9.25323456386399600000,  28.60000,  39.60141752777778000000, -104.80568955555555000000
   819,   9.26094073299112700000,  26.70000,  39.60151997222222000000, -104.80574711111110000000
   820,   9.26721048100927900000,  23.60000,  39.60160444444445000000, -104.80579044444444000000
   821,   9.27322319917786200000,  19.30000,  39.60168191666667000000, -104.80584205555556000000
   822,   9.27852288984761100000,  16.20000,  39.60175536111111000000, -104.80587116666666000000
   823,   9.28225039877762700000,  13.00000,  39.60180238888889000000, -104.80590555555555000000
   824,   9.28540122653170600000,  10.60000,  39.60184530555556000000, -104.80592575000000000000
   825,   9.28715300002872700000,   7.50000,  39.60187027777778000000, -104.80593169444444000000
   826,   9.28901758790224400000,   5.00000,  39.60189380555555500000, -104.80594888888889000000
   827,   9.28989253231964000000,   3.70000,  39.60190627777778000000, -104.80595186111111000000
   828,   9.29085071252404200000,   2.50000,  39.60192016666666600000, -104.80595186111111000000
   829,   9.29206861123628300000,   0.00000,  39.60192838888889000000, -104.80597205555556000000
   830,   9.29206861123628300000,   0.00000,  39.60192838888889000000, -104.80597205555556000000
   831,   9.29206861123628300000,   0.00000,  39.60192838888889000000, -104.80597205555556000000
   832,   9.29206861123628300000,   0.00000,  39.60192838888889000000, -104.80597205555556000000
   833,   9.29206861123628300000,   0.00000,  39.60192838888889000000, -104.80597205555556000000
   834,   9.29206861123628300000,   0.00000,  39.60192838888889000000, -104.80597205555556000000
   835,   9.29206861123628300000,   0.00000,  39.60192838888889000000, -104.80597205555556000000
   836,   9.29206861123628300000,   0.00000,  39.60192838888889000000, -104.80597205555556000000
   837,   9.29206861123628300000,   0.00000,  39.60192838888889000000, -104.80597205555556000000
   838,   9.29206861123628300000,   0.00000,  39.60192838888889000000, -104.80597205555556000000
   839,   9.29206861123628300000,   0.00000,  39.60192838888889000000, -104.80597205555556000000
   840,   9.29206861123628300000,   0.00000,  39.60192838888889000000, -104.80597205555556000000
   841,   9.29206861123628300000,   0.00000,  39.60192838888889000000, -104.80597205555556000000
   842,   9.29206861123628300000,   0.00000,  39.60192838888889000000, -104.80597205555556000000
   843,   9.29206861123628300000,   0.00000,  39.60192838888889000000, -104.80597205555556000000
   844,   9.29206861123628300000,   0.00000,  39.60192838888889000000, -104.80597205555556000000
   845,   9.29206861123628300000,   0.00000,  39.60192838888889000000, -104.80597205555556000000
   846,   9.29206861123628300000,   0.00000,  39.60192838888889000000, -104.80597205555556000000
   847,   9.29206861123628300000,   7.50000,  39.60192838888889000000, -104.80597205555556000000
   848,   9.29477538117171800000,  12.40000,  39.60196438888889000000, -104.80599222222222000000
   849,   9.29892552871510000000,  16.80000,  39.60201833333333000000, -104.80602663888888000000
   850,   9.30433906734546000000,  19.90000,  39.60209033333334000000, -104.80606697222223000000
   851,   9.31035177709396900000,  23.00000,  39.60216780555556000000, -104.80611858333333000000
   852,   9.31751903841007800000,  25.50000,  39.60226613888889000000, -104.80616191666667000000
   853,   9.32563993130804000000,  28.00000,  39.60237413888889000000, -104.80622244444444000000
   854,   9.33394021668727400000,  30.40000,  39.60248202777778000000, -104.80629127777777000000
   855,   9.34291580336180900000,  32.30000,  39.60260250000000000000, -104.80635477777777000000
   856,   9.35233675489107700000,  34.20000,  39.60272991666667000000, -104.80641827777778000000
   857,   9.36217059663851400000,  36.00000,  39.60286286111111000000, -104.80648475000000000000
   858,   9.37286771107962700000,  37.30000,  39.60300830555555500000, -104.80655422222222000000
   859,   9.38401496121640100000,  39.10000,  39.60316069444445000000, -104.80662366666667000000
   860,   9.39528257535543800000,  41.00000,  39.60331161111111000000, -104.80670438888889000000
   861,   9.40684454224654800000,  42.30000,  39.60346955555555600000, -104.80677683333333000000
   862,   9.41896869539743300000,  41.60000,  39.60363294444445000000, -104.80686050000000000000
   863,   9.43109517260167300000,  42.30000,  39.60379636111111500000, -104.80694419444444000000
   864,   9.44321986461977800000,  42.90000,  39.60395975000000000000, -104.80702788888888000000
   865,   9.45534455306702200000,  43.50000,  39.60412313888889000000, -104.80711158333332000000
   866,   9.46747047363907500000,  42.90000,  39.60428655555555400000, -104.80719524999999000000
   867,   9.47956588610287900000,  42.90000,  39.60444855555556000000, -104.80728191666667000000
   868,   9.49183351159109800000,  42.30000,  39.60461050000000000000, -104.80737686111111000000
   869,   9.50395996743426000000,  42.30000,  39.60477391666666600000, -104.80746055555555000000
   870,   9.51564057182998400000,  41.60000,  39.60493036111111600000, -104.80754424999999000000
   871,   9.52732294340416900000,  41.60000,  39.60508683333333000000, -104.80762794444445000000
   872,   9.53903464204312700000,  41.00000,  39.60524469444444400000, -104.80770866666667000000
   873,   9.55071523568555700000,  40.40000,  39.60540113888889400000, -104.80779236111111000000
   874,   9.56227667184793400000,  39.10000,  39.60555908333333000000, -104.80786477777778000000
   875,   9.57211100052389000000,  36.00000,  39.60569202777778000000, -104.80793127777777000000
   876,   9.58153190226194000000,  32.30000,  39.60581944444444000000, -104.80799477777778000000
   877,   9.58965156532440600000,  28.60000,  39.60592741666667000000, -104.80805533333333000000
   878,   9.59692077719959000000,  24.90000,  39.60602291666667000000, -104.80811288888889000000
   879,   9.60363811121344700000,  21.70000,  39.60611433333334000000, -104.80815622222222000000
   880,   9.60863745982571000000,  19.30000,  39.60618077777778000000, -104.80819361111111000000
   881,   9.61348813054880000000,  18.60000,  39.60625013888889000000, -104.80820849999999000000
   882,   9.61861118744077000000,  18.60000,  39.60631983333334000000, -104.80817536111111000000
   883,   9.62419617443724500000,  19.90000,  39.60638691666666500000, -104.80811677777777000000
   884,   9.62978474634392600000,  19.90000,  39.60643194444444500000, -104.80802972222222000000
   885,   9.63493832784489000000,  19.90000,  39.60645200000000400000, -104.80793669444444000000
   886,   9.64069640106327900000,  21.10000,  39.60647352777778000000, -104.80783244444444000000
   887,   9.64706239390020100000,  23.00000,  39.60649652777778000000, -104.80771691666666000000
   888,   9.65403385222813200000,  24.90000,  39.60652100000000000000, -104.80759016666666000000
   889,   9.66179045352108900000,  26.10000,  39.60654830555555600000, -104.80744916666666000000
   890,   9.66944517325388200000,  27.30000,  39.60656869444445000000, -104.80730816666666000000
   891,   9.67720223517616400000,  28.00000,  39.60659602777777600000, -104.80716716666666000000
   892,   9.68546688531198500000,  29.20000,  39.60661786111111000000, -104.80701488888889000000
   893,   9.69383068242222400000,  30.40000,  39.60664663888889000000, -104.80686263888889000000
   894,   9.70287626680518400000,  31.10000,  39.60667133333334000000, -104.80669616666667000000
   895,   9.71124051295023300000,  31.70000,  39.60670013888889000000, -104.80654391666667000000
   896,   9.72028754644421700000,  31.10000,  39.60672483333334000000, -104.80637741666666000000
   897,   9.72915953481918700000,  30.40000,  39.60674813888889000000, -104.80621391666666000000
   898,   9.73752331714971400000,  30.40000,  39.60677691666667000000, -104.80606166666666000000
   899,   9.74649594458800700000,  30.40000,  39.60680716666667000000, -104.80589813888889000000
   900,   9.75546712665148700000,  31.10000,  39.60683741666667000000, -104.80573463888890000000
   901,   9.76433910113675600000,  32.30000,  39.60686072222222000000, -104.80557113888888000000
   902,   9.77331171835076700000,  32.90000,  39.60689097222222400000, -104.80540761111111000000
   903,   9.78283243976829000000,  33.60000,  39.60692825000000000000, -104.80523583333333000000
   904,   9.79302039002602600000,  34.80000,  39.60696144444444400000, -104.80504980555556000000
   905,   9.80254058503315800000,  34.80000,  39.60699869444444000000, -104.80487802777778000000
   906,   9.81284627880903300000,  34.20000,  39.60703880555555400000, -104.80469200000000000000
   907,   9.82236698147545000000,  33.60000,  39.60707608333333000000, -104.80452022222222000000
   908,   9.83188858926010800000,  32.90000,  39.60711333333334000000, -104.80434841666667000000
   909,   9.84076087719608000000,  31.70000,  39.60713666666667000000, -104.80418491666667000000
   910,   9.84967722921795300000,  31.10000,  39.60717244444444400000, -104.80402436111110000000
   911,   9.85864836672572800000,  30.40000,  39.60720269444444600000, -104.80386086111110000000
   912,   9.86695911854272400000,  29.20000,  39.60723702777778000000, -104.80371158333332000000
   913,   9.87532284540907700000,  28.60000,  39.60726580555555600000, -104.80355933333333000000
   914,   9.88290387342094300000,  28.00000,  39.60729172222222000000, -104.80342127777777000000
   915,   9.89066085949239400000,  26.70000,  39.60731905555556000000, -104.80328027777777000000
   916,   9.89770636735159400000,  24.20000,  39.60733794444444600000, -104.80315052777777000000
   917,   9.90420687204965800000,  21.70000,  39.60736788888889000000, -104.80303502777778000000
   918,   9.90925291180461400000,  16.80000,  39.60738100000000400000, -104.80294200000000000000
   919,   9.91325427163409000000,  11.80000,  39.60739258333333600000, -104.80286852777778000000
   920,   9.91568944359238600000,   7.50000,  39.60739844444445000000, -104.80282352777778000000
   921,   9.91772830665271400000,   6.80000,  39.60739036111111500000, -104.80278677777777000000
   922,   9.91950128329896700000,   8.70000,  39.60737386111111400000, -104.80276130555555000000
   923,   9.92165022263529800000,   9.30000,  39.60735183333333000000, -104.80273283333334000000
   924,   9.92562588052269700000,  10.60000,  39.60729494444445000000, -104.80272094444445000000
   925,   9.92965230180605700000,  12.40000,  39.60723658333333000000, -104.80272030555555000000
   926,   9.93281866493901500000,  13.00000,  39.60719072222222000000, -104.80272263888888000000
   927,   9.93679455977306600000,  13.70000,  39.60713383333333600000, -104.80271072222222000000
   928,   9.94036782020232000000,  12.40000,  39.60708250000000400000, -104.80270180555556000000
   929,   9.94340330648842400000,  10.60000,  39.60703947222222600000, -104.80268991666667000000
   930,   9.94619832468722500000,   7.50000,  39.60699916666667000000, -104.80269522222223000000
   931,   9.94795009544669300000,   5.60000,  39.60697419444445000000, -104.80268927777777000000
   932,   9.95017472844526400000,   7.50000,  39.60694227777777600000, -104.80268333333333000000
   933,   9.95232367437021300000,  10.60000,  39.60692025000000000000, -104.80265486111111000000
   934,   9.95554755659301400000,  12.40000,  39.60688716666667000000, -104.80261219444444000000
   935,   9.95952121743043200000,  14.30000,  39.60685002777778000000, -104.80255527777777000000
   936,   9.96349487949790500000,  15.50000,  39.60681288888889000000, -104.80249836111110000000
   937,   9.96817188526482800000,  16.20000,  39.60677027777778000000, -104.80243019444444000000
   938,   9.97361375937609300000,  18.00000,  39.60670816666667000000, -104.80236733333334000000
   939,   9.97944193207426100000,  19.30000,  39.60663908333333400000, -104.80230447222222000000
   940,   9.98462145060883600000,  20.50000,  39.60657550000000000000, -104.80225286111111000000
   941,   9.99084428432222000000,  21.10000,  39.60649952777778000000, -104.80219000000000000000
   942,   9.99685691901720000000,  20.50000,  39.60642205555555500000, -104.80213838888889000000
   943,  10.00244799203305800000,  18.60000,  39.60635152777778000000, -104.80208677777777000000
   944,  10.00861946031655600000,  19.30000,  39.60626558333333000000, -104.80205469444444000000
   945,  10.01350998114588000000,  16.80000,  39.60619475000000000000, -104.80205108333332000000
   946,  10.01836229992164600000,  16.80000,  39.60612536111111000000, -104.80203622222221000000
   947,  10.02252690339388300000,  15.50000,  39.60606555555556000000, -104.80204683333334000000
   948,  10.02522659577167700000,  13.00000,  39.60602669444444500000, -104.80204088888888000000
   949,  10.02903880006165400000,  13.00000,  39.60597244444445000000, -104.80205447222222000000
