20466
     1,   0.00000000000000000000,  24.90000,  39.67847638888889000000, -104.91251019444445000000
     2,   0.00812416421567195700,  27.30000,  39.67847758333333000000, -104.91235780555556000000
     3,   0.01525050195332302600,  28.60000,  39.67847427777777400000, -104.91222419444445000000
     4,   0.02196983439968080600,  30.40000,  39.67846394444444500000, -104.91209886111112000000
     5,   0.03102088536233782800,  31.70000,  39.67846936111110500000, -104.91192922222223000000
     6,   0.04082430741542979000,  34.20000,  39.67847069444444000000, -104.91174533333334000000
     7,   0.05081829628014590500,  36.00000,  39.67845955555555500000, -104.91155841666668000000
     8,   0.06111684597181158000,  37.30000,  39.67847486111110600000, -104.91136625000000000000
     9,   0.07110935781000478000,  36.70000,  39.67846372222222000000, -104.91117936111112000000
    10,   0.08140790688948532000,  36.70000,  39.67847902777777600000, -104.91098719444444000000
    11,   0.09165266326569937000,  37.90000,  39.67848047222222000000, -104.91079502777778000000
    12,   0.10206072826730492000,  37.90000,  39.67847636111111000000, -104.91059986111112000000
    13,   0.11292604888997249000,  37.90000,  39.67848622222222000000, -104.91039644444444000000
    14,   0.12393145178384352000,  38.50000,  39.67848361111111000000, -104.91019002777779000000
    15,   0.13406139588843166000,  37.30000,  39.67849752777778000000, -104.91000086111112000000
    16,   0.14432199947706548000,  35.40000,  39.67850591666666600000, -104.90980869444445000000
    17,   0.15458249391458980000,  34.80000,  39.67851427777777000000, -104.90961652777779000000
    18,   0.16482724508402924000,  36.00000,  39.67851572222222000000, -104.90942436111112000000
    19,   0.17567310738418010000,  37.30000,  39.67851863888889000000, -104.90922094444446000000
    20,   0.18608116666201688000,  37.30000,  39.67851452777778000000, -104.90902577777779000000
    21,   0.19632591779452824000,  35.40000,  39.67851597222222000000, -104.90883361111112000000
    22,   0.20596897414031293000,  35.40000,  39.67851594444444000000, -104.90865272222223000000
    23,   0.21561203048996042000,  34.20000,  39.67851591666666000000, -104.90847183333334000000
    24,   0.22465745229150577000,  32.30000,  39.67851438888888500000, -104.90830216666667000000
    25,   0.23357304396740180000,  31.70000,  39.67852536111110600000, -104.90813552777779000000
    26,   0.24204431238262542000,  31.10000,  39.67851544444444000000, -104.90797713888890000000
    27,   0.25048896589054790000,  31.10000,  39.67851244444444000000, -104.90781877777778000000
    28,   0.26061908763259506000,  32.30000,  39.67852638888888000000, -104.90762961111112000000
    29,   0.26966302735620170000,  33.60000,  39.67852486111111000000, -104.90745997222223000000
    30,   0.27930756327843090000,  34.80000,  39.67852483333333400000, -104.90727905555556000000
    31,   0.28896260812040880000,  34.80000,  39.67851786111111000000, -104.90709816666667000000
    32,   0.29920735876048243000,  36.00000,  39.67851930555555400000, -104.90690600000000000000
    33,   0.30946785122320730000,  35.40000,  39.67852766666667000000, -104.90671383333334000000
    34,   0.31912437464639950000,  36.70000,  39.67852069444444400000, -104.90653291666668000000
    35,   0.32981100747134410000,  37.90000,  39.67849716666666600000, -104.90633477777779000000
    36,   0.34025922203570000000,  39.80000,  39.67845966666666000000, -104.90614488888889000000
    37,   0.35164592590806737000,  40.40000,  39.67841116666666000000, -104.90594072222223000000
    38,   0.36318251371408183000,  40.40000,  39.67835572222222000000, -104.90573655555556000000
    39,   0.37467020828400710000,  40.40000,  39.67828633333333000000, -104.90554066666667000000
    40,   0.38784672164787890000,  41.00000,  39.67817947222222000000, -104.90533580555557000000
    41,   0.40005053934204030000,  41.00000,  39.67805283333333000000, -104.90517597222222000000
    42,   0.41153676014323565000,  40.40000,  39.67793869444444000000, -104.90501911111112000000
    43,   0.42340232587214150000,  39.10000,  39.67781900000000000000, -104.90485927777779000000
    44,   0.43380566656142800000,  36.70000,  39.67770744444444400000, -104.90472797222223000000
    45,   0.44386078803811960000,  33.60000,  39.67760283333333000000, -104.90459663888889000000
    46,   0.45288081189258700000,  30.40000,  39.67750080555555000000, -104.90449083333334000000
    47,   0.46113729417908440000,  28.00000,  39.67741127777778000000, -104.90438805555556000000
    48,   0.46871837902809127000,  27.30000,  39.67732719444444500000, -104.90429650000000000000
    49,   0.47707263007690276000,  27.30000,  39.67723061111110600000, -104.90420197222222000000
    50,   0.48465372297548676000,  27.30000,  39.67714652777777000000, -104.90411041666667000000
    51,   0.49291120632839636000,  28.60000,  39.67705700000000000000, -104.90400761111111000000
    52,   0.50306041917598310000,  29.80000,  39.67692705555555000000, -104.90391836111111000000
    53,   0.51204195759172140000,  31.70000,  39.67683344444444000000, -104.90380127777779000000
    54,   0.52567302197684550000,  33.60000,  39.67664069444444400000, -104.90374508333333000000
    55,   0.53608498901616820000,  32.90000,  39.67653755555555500000, -104.90360250000000000000
    56,   0.54613916062546760000,  33.60000,  39.67643294444444000000, -104.90347119444445000000
    57,   0.55586305960003330000,  34.20000,  39.67632683333333400000, -104.90335113888890000000
    58,   0.56558696492028810000,  34.80000,  39.67622072222222000000, -104.90323108333334000000
    59,   0.57598999157305940000,  35.40000,  39.67610919444444000000, -104.90309975000001000000
    60,   0.58610762473020160000,  36.00000,  39.67599752777777400000, -104.90297672222223000000
    61,   0.59622622464895180000,  36.70000,  39.67588586111111000000, -104.90285366666667000000
    62,   0.60698749035447870000,  37.30000,  39.67576738888888600000, -104.90272236111112000000
    63,   0.61710610415523940000,  37.90000,  39.67565572222222000000, -104.90259930555555000000
    64,   0.62796896801426460000,  36.00000,  39.67553022222222000000, -104.90247625000000000000
    65,   0.63769292096639420000,  36.00000,  39.67542411111110600000, -104.90235619444445000000
    66,   0.64667352309939800000,  36.00000,  39.67533050000000000000, -104.90223913888889000000
    67,   0.65645587079727010000,  35.40000,  39.67524122222222000000, -104.90209658333333000000
    68,   0.66587588221662290000,  34.80000,  39.67515750000000000000, -104.90195700000001000000
    69,   0.67511106890910030000,  34.20000,  39.67508772222222000000, -104.90180916666667000000
    70,   0.68410582443309640000,  33.60000,  39.67502488888888500000, -104.90166133333334000000
    71,   0.69408296305759000000,  33.60000,  39.67496502777777000000, -104.90149097222223000000
    72,   0.70318900323068450000,  34.20000,  39.67492180555555600000, -104.90132958333334000000
    73,   0.71241448924652810000,  34.80000,  39.67487997222222000000, -104.90116522222223000000
    74,   0.72252643369887300000,  36.00000,  39.67485494444444000000, -104.90097833333334000000
    75,   0.73242129139881320000,  36.70000,  39.67483550000000000000, -104.90079444444444000000
    76,   0.74282847513683740000,  37.90000,  39.67483136111111000000, -104.90059930555556000000
    77,   0.75308031068140150000,  38.50000,  39.67482586111111000000, -104.90040713888890000000
    78,   0.76468486034530380000,  41.00000,  39.67482469444444000000, -104.90018947222222000000
    79,   0.77613319908188030000,  42.30000,  39.67482908333333000000, -104.89997480555556000000
    80,   0.78773774820527100000,  42.30000,  39.67482791666666500000, -104.89975713888890000000
    81,   0.79979010862402130000,  42.90000,  39.67483377777778000000, -104.89953119444445000000
    82,   0.81199415714018300000,  41.60000,  39.67483408333333000000, -104.89930227777778000000
    83,   0.82359870542695300000,  41.00000,  39.67483291666667000000, -104.89908461111112000000
    84,   0.83564451243575920000,  41.00000,  39.67483183333333000000, -104.89885866666667000000
    85,   0.84724906109900720000,  40.40000,  39.67483066666666500000, -104.89864100000001000000
    86,   0.85885360995815030000,  41.60000,  39.67482949999999400000, -104.89842333333334000000
    87,   0.87106771309973850000,  41.60000,  39.67482286111111000000, -104.89819438888890000000
    88,   0.88267226326493310000,  42.30000,  39.67482169444444000000, -104.89797672222223000000
    89,   0.89487779479763000000,  43.50000,  39.67482200000000000000, -104.89774777777778000000
    90,   0.90709041940684790000,  42.90000,  39.67481536111111000000, -104.89751886111112000000
    91,   0.91854024005824340000,  42.30000,  39.67481975000000000000, -104.89730416666667000000
    92,   0.93074429104295080000,  42.30000,  39.67482005555555000000, -104.89707525000000000000
    93,   0.94236204750136610000,  42.30000,  39.67481194444444000000, -104.89685758333334000000
    94,   0.95456758075003130000,  42.30000,  39.67481224999999500000, -104.89662863888890000000
    95,   0.96617213269070950000,  41.60000,  39.67481108333333000000, -104.89641097222223000000
    96,   0.97778989064938790000,  41.00000,  39.67480297222222000000, -104.89619330555556000000
    97,   0.98863802681985270000,  40.40000,  39.67479894444444000000, -104.89598988888889000000
    98,   0.99966238416522760000,  40.40000,  39.67478936111111000000, -104.89578347222223000000
    99,   1.01146432135000560000,  39.80000,  39.67477569444444000000, -104.89556280555556000000
   100,   1.02248720415028150000,  40.40000,  39.67476611111111000000, -104.89535641666667000000
   101,   1.03393438700821160000,  40.40000,  39.67476355555555000000, -104.89514172222223000000
   102,   1.04539748387330200000,  40.40000,  39.67475405555555000000, -104.89492705555556000000
   103,   1.05642184832846040000,  40.40000,  39.67474447222222000000, -104.89472063888890000000
   104,   1.06787020029864040000,  40.40000,  39.67474886111110500000, -104.89450597222223000000
   105,   1.07947477629817300000,  40.40000,  39.67474766666666000000, -104.89428830555556000000
   106,   1.09032122774037490000,  40.40000,  39.67475058333333000000, -104.89408488888890000000
   107,   1.10192580345173670000,  39.80000,  39.67474938888888400000, -104.89386722222223000000
   108,   1.11233448043881240000,  38.50000,  39.67474525000000000000, -104.89367205555556000000
   109,   1.12378283228068800000,  39.10000,  39.67474963888888000000, -104.89345738888889000000
   110,   1.13419002889373830000,  38.50000,  39.67474550000000000000, -104.89326225000000000000
   111,   1.14503644529318230000,  37.90000,  39.67474838888889000000, -104.89305883333334000000
   112,   1.15528173431383490000,  37.90000,  39.67474980555555000000, -104.89286666666668000000
   113,   1.16614751670487400000,  37.30000,  39.67475963888889000000, -104.89266325000001000000
   114,   1.17639132323740460000,  37.90000,  39.67476105555555000000, -104.89247111111112000000
   115,   1.18739974775979640000,  38.50000,  39.67476530555555000000, -104.89226469444445000000
   116,   1.19824616106339740000,  39.80000,  39.67476819444444000000, -104.89206127777778000000
   117,   1.20985072037559880000,  40.40000,  39.67476702777777600000, -104.89184361111111000000
   118,   1.22085677677459300000,  39.80000,  39.67476436111111000000, -104.89163719444446000000
   119,   1.23172255689474540000,  37.90000,  39.67477419444444000000, -104.89143377777778000000
   120,   1.24136613510103900000,  34.20000,  39.67477411111110500000, -104.89125288888890000000
   121,   1.25041056413362740000,  31.70000,  39.67477258333333000000, -104.89108325000001000000
   122,   1.25885572034957560000,  30.40000,  39.67476955555556000000, -104.89092488888889000000
   123,   1.26699914944682070000,  27.30000,  39.67477766666666400000, -104.89077250000001000000
   124,   1.27408229159374150000,  24.20000,  39.67477725000000000000, -104.89063963888890000000
   125,   1.27996902063808470000,  21.70000,  39.67477386111110600000, -104.89052930555556000000
   126,   1.28569317167528500000,  21.10000,  39.67477605555555400000, -104.89042197222223000000
   127,   1.29217632529708680000,  21.70000,  39.67477416666666600000, -104.89030038888889000000
   128,   1.29866099847816920000,  23.00000,  39.67477225000000000000, -104.89017877777779000000
   129,   1.30502515025477100000,  24.20000,  39.67478286111111000000, -104.89006019444444000000
   130,   1.31210829187049760000,  24.20000,  39.67478244444444000000, -104.88992733333335000000
   131,   1.31859148369985200000,  23.60000,  39.67478052777778000000, -104.88980575000001000000
   132,   1.32507611749135750000,  24.20000,  39.67477863888889000000, -104.88968413888890000000
   133,   1.33215777866441520000,  24.90000,  39.67477822222222000000, -104.88955130555556000000
   134,   1.33925516451946770000,  25.50000,  39.67478475000000000000, -104.88941844444444000000
   135,   1.34693835193451220000,  26.70000,  39.67478580555555000000, -104.88927433333335000000
   136,   1.35402149325019400000,  27.30000,  39.67478538888888600000, -104.88914147222224000000
   137,   1.36249352592131380000,  29.80000,  39.67477541666666000000, -104.88898308333334000000
   138,   1.37077803752458640000,  30.40000,  39.67477797222222000000, -104.88882772222223000000
   139,   1.37922319308540240000,  31.10000,  39.67477494444444400000, -104.88866936111111000000
   140,   1.38826764454577580000,  32.30000,  39.67477338888889000000, -104.88849972222224000000
   141,   1.39731207367185450000,  34.20000,  39.67477186111111000000, -104.88833008333334000000
   142,   1.40695565220328890000,  34.80000,  39.67477177777778000000, -104.88814919444445000000
   143,   1.41720093776898800000,  36.70000,  39.67477319444444000000, -104.88795702777779000000
   144,   1.42760597734098260000,  37.90000,  39.67477597222222000000, -104.88776188888889000000
   145,   1.43861203232089100000,  39.10000,  39.67477330555555400000, -104.88755547222223000000
   146,   1.44945844437373770000,  39.80000,  39.67477619444444000000, -104.88735205555557000000
   147,   1.46090674058852280000,  39.80000,  39.67478055555555000000, -104.88713738888890000000
   148,   1.47191279484194700000,  41.00000,  39.67477788888888000000, -104.88693097222223000000
   149,   1.48351736598446030000,  40.40000,  39.67477669444444000000, -104.88671330555556000000
   150,   1.49436377750747050000,  39.80000,  39.67477958333333000000, -104.88650988888890000000
   151,   1.50596834836646560000,  38.50000,  39.67477838888889000000, -104.88629222222222000000
   152,   1.51621361485467800000,  37.90000,  39.67477977777777000000, -104.88610005555556000000
   153,   1.52721818854510400000,  39.10000,  39.67477711111111000000, -104.88589366666668000000
   154,   1.53806460000227970000,  39.10000,  39.67478000000000000000, -104.88569025000001000000
   155,   1.54908907544642680000,  39.10000,  39.67477038888889000000, -104.88548383333334000000
   156,   1.55993548795527960000,  39.10000,  39.67477327777777400000, -104.88528041666667000000
   157,   1.57094391053896500000,  39.80000,  39.67477752777778000000, -104.88507400000000000000
   158,   1.58179032193100460000,  39.80000,  39.67478041666666400000, -104.88487058333334000000
   159,   1.59323861744995380000,  40.40000,  39.67478477777777400000, -104.88465591666667000000
   160,   1.60484318743979950000,  41.00000,  39.67478358333333000000, -104.88443825000000000000
   161,   1.61644777139770800000,  41.60000,  39.67478236111110600000, -104.88422058333335000000
   162,   1.62789754697767460000,  41.60000,  39.67478672222222000000, -104.88400588888890000000
   163,   1.63890211956580910000,  41.60000,  39.67478405555555600000, -104.88379950000001000000
   164,   1.65067554730200650000,  41.60000,  39.67477730555555000000, -104.88357883333335000000
   165,   1.66228013231100480000,  42.30000,  39.67477608333333400000, -104.88336116666667000000
   166,   1.67389118905274750000,  41.60000,  39.67478183333333400000, -104.88314349999999000000
   167,   1.68609672444328850000,  41.60000,  39.67478211111111000000, -104.88291455555554000000
   168,   1.69771457970842850000,  41.00000,  39.67477397222222000000, -104.88269688888889000000
   169,   1.70872066720886000000,  41.00000,  39.67477127777777000000, -104.88249047222222000000
   170,   1.72033172475351530000,  41.00000,  39.67477702777778000000, -104.88227280555554000000
   171,   1.73193630980831070000,  41.00000,  39.67477580555555500000, -104.88205513888889000000
   172,   1.74354088129941700000,  40.40000,  39.67477461111111000000, -104.88183747222222000000
   173,   1.75438725810576850000,  40.40000,  39.67477747222222000000, -104.88163405555555000000
   174,   1.76539331284836250000,  37.30000,  39.67477480555555000000, -104.88142763888888000000
   175,   1.77563709903800420000,  35.40000,  39.67477619444444000000, -104.88123549999999000000
   176,   1.78544832779664440000,  32.90000,  39.67477055555555400000, -104.88105161111110000000
   177,   1.79449978108688240000,  32.30000,  39.67477594444444000000, -104.88088197222221000000
   178,   1.80414335905050760000,  32.90000,  39.67477586111111000000, -104.88070108333332000000
   179,   1.81334711723058400000,  32.90000,  39.67477569444444000000, -104.88052844444444000000
   180,   1.82300220920765600000,  34.20000,  39.67478252777777000000, -104.88034755555555000000
   181,   1.83308709083509500000,  34.20000,  39.67478255555555000000, -104.88015838888889000000
   182,   1.84290699938918500000,  34.80000,  39.67479077777777000000, -104.87997449999999000000
   183,   1.85256265849093000000,  36.00000,  39.67478377777777600000, -104.87979361111111000000
   184,   1.86282211579559240000,  36.70000,  39.67479211111111000000, -104.87960147222222000000
   185,   1.87383048451830030000,  37.90000,  39.67479633333333000000, -104.87939505555555000000
   186,   1.88407576645669830000,  36.00000,  39.67479774999999600000, -104.87920288888888000000
   187,   1.89477617326706830000,  35.40000,  39.67480616666666000000, -104.87900247222221000000
   188,   1.90518341416112810000,  36.00000,  39.67480200000000000000, -104.87880733333333000000
   189,   1.91544434734468960000,  36.70000,  39.67481033333333000000, -104.87861516666666000000
   190,   1.92568812828698820000,  36.70000,  39.67481172222221600000, -104.87842302777777000000
   191,   1.93593338985125830000,  36.00000,  39.67481311111110600000, -104.87823086111110000000
   192,   1.94634062970464480000,  36.00000,  39.67480894444444000000, -104.87803572222222000000
   193,   1.95618233178336950000,  35.40000,  39.67479638888888600000, -104.87785183333332000000
   194,   1.96661380709648900000,  36.70000,  39.67478527777777000000, -104.87765669444444000000
   195,   1.97702099836541300000,  37.90000,  39.67478113888889000000, -104.87746155555556000000
   196,   1.98742748227574320000,  37.30000,  39.67478388888889000000, -104.87726638888888000000
   197,   1.99767791607145260000,  34.80000,  39.67477836111111000000, -104.87707424999999000000
   198,   2.00748914452335800000,  34.80000,  39.67477272222222000000, -104.87689036111111000000
   199,   2.01713272293572740000,  33.60000,  39.67477263888889000000, -104.87670947222222000000
   200,   2.02619553043617500000,  32.30000,  39.67476413888889000000, -104.87653983333333000000
   201,   2.03481852959294370000,  29.80000,  39.67475552777777600000, -104.87637847222221000000
   202,   2.04285129147817420000,  27.30000,  39.67474547222222000000, -104.87622836111110000000
   203,   2.04993296407688300000,  23.00000,  39.67474502777777400000, -104.87609552777778000000
   204,   2.05581962005059360000,  19.90000,  39.67474166666666000000, -104.87598519444444000000
   205,   2.06116436892225030000,  17.40000,  39.67472986111111000000, -104.87588611111110000000
   206,   2.06628550470217900000,  14.90000,  39.67473055555555600000, -104.87579005555556000000
   207,   2.06950431348915530000,  11.20000,  39.67473930555555500000, -104.87573074999999000000
   208,   2.07266853839668700000,   7.50000,  39.67474113888888000000, -104.87567144444444000000
   209,   2.07406192336607240000,   5.00000,  39.67474547222222000000, -104.87564591666666000000
   210,   2.07484636345724070000,   3.10000,  39.67474830555555000000, -104.87563166666666000000
   211,   2.08144376893754200000,   0.00000,  39.67480316666666000000, -104.87553030555554000000
   212,   2.08144376893754200000,   0.00000,  39.67480316666666000000, -104.87553030555554000000
   213,   2.08144376893754200000,   0.00000,  39.67480316666666000000, -104.87553030555554000000
   214,   2.08144376893754200000,   0.00000,  39.67480316666666000000, -104.87553030555554000000
   215,   2.08144376893754200000,   0.00000,  39.67480316666666000000, -104.87553030555554000000
   216,   2.08144376893754200000,   0.00000,  39.67480316666666000000, -104.87553030555554000000
   217,   2.08144376893754200000,   0.00000,  39.67480316666666000000, -104.87553030555554000000
   218,   2.08144376893754200000,   0.00000,  39.67480316666666000000, -104.87553030555554000000
   219,   2.08144376893754200000,   0.00000,  39.67480316666666000000, -104.87553030555554000000
   220,   2.08144376893754200000,   0.00000,  39.67480316666666000000, -104.87553030555554000000
   221,   2.08144376893754200000,   0.00000,  39.67480316666666000000, -104.87553030555554000000
   222,   2.08144376893754200000,   0.00000,  39.67480316666666000000, -104.87553030555554000000
   223,   2.08144376893754200000,   0.00000,  39.67480316666666000000, -104.87553030555554000000
   224,   2.08144376893754200000,   0.00000,  39.67480316666666000000, -104.87553030555554000000
   225,   2.08144376893754200000,   0.00000,  39.67480316666666000000, -104.87553030555554000000
   226,   2.08144376893754200000,   0.00000,  39.67480316666666000000, -104.87553030555554000000
   227,   2.08144376893754200000,   0.00000,  39.67480316666666000000, -104.87553030555554000000
   228,   2.08144376893754200000,   0.00000,  39.67480316666666000000, -104.87553030555554000000
   229,   2.08144376893754200000,   0.00000,  39.67480316666666000000, -104.87553030555554000000
   230,   2.08144376893754200000,   0.00000,  39.67480316666666000000, -104.87553030555554000000
   231,   2.08144376893754200000,   0.00000,  39.67480316666666000000, -104.87553030555554000000
   232,   2.08144376893754200000,   0.00000,  39.67480316666666000000, -104.87553030555554000000
   233,   2.08144376893754200000,   0.00000,  39.67480316666666000000, -104.87553030555554000000
   234,   2.08144376893754200000,   0.00000,  39.67480316666666000000, -104.87553030555554000000
   235,   2.08144376893754200000,   0.00000,  39.67480316666666000000, -104.87553030555554000000
   236,   2.08144376893754200000,   0.00000,  39.67480316666666000000, -104.87553030555554000000
   237,   2.08144376893754200000,   0.00000,  39.67480316666666000000, -104.87553030555554000000
   238,   2.08144376893754200000,   0.00000,  39.67480316666666000000, -104.87553030555554000000
   239,   2.08144376893754200000,   0.00000,  39.67480316666666000000, -104.87553030555554000000
   240,   2.08144376893754200000,   0.00000,  39.67480316666666000000, -104.87553030555554000000
   241,   2.08144376893754200000,   0.00000,  39.67480316666666000000, -104.87553030555554000000
   242,   2.08144376893754200000,   0.00000,  39.67480316666666000000, -104.87553030555554000000
   243,   2.08144376893754200000,   0.00000,  39.67480316666666000000, -104.87553030555554000000
   244,   2.08144376893754200000,   0.00000,  39.67480316666666000000, -104.87553030555554000000
   245,   2.08144376893754200000,   0.00000,  39.67480316666666000000, -104.87553030555554000000
   246,   2.08144376893754200000,   0.00000,  39.67480316666666000000, -104.87553030555554000000
   247,   2.08144376893754200000,   0.00000,  39.67480316666666000000, -104.87553030555554000000
   248,   2.08144376893754200000,   0.00000,  39.67480316666666000000, -104.87553030555554000000
   249,   2.08144376893754200000,   0.00000,  39.67480316666666000000, -104.87553030555554000000
   250,   2.08144376893754200000,   0.00000,  39.67480316666666000000, -104.87553030555554000000
   251,   2.08144376893754200000,   0.00000,  39.67480316666666000000, -104.87553030555554000000
   252,   2.08144376893754200000,   0.00000,  39.67480316666666000000, -104.87553030555554000000
   253,   2.08144376893754200000,   0.00000,  39.67480316666666000000, -104.87553030555554000000
   254,   2.08144376893754200000,   0.00000,  39.67480316666666000000, -104.87553030555554000000
   255,   2.08144376893754200000,   0.00000,  39.67480316666666000000, -104.87553030555554000000
   256,   2.08144376893754200000,   0.00000,  39.67480316666666000000, -104.87553030555554000000
   257,   2.08144376893754200000,   0.00000,  39.67480316666666000000, -104.87553030555554000000
   258,   2.08144376893754200000,   0.00000,  39.67480316666666000000, -104.87553030555554000000
   259,   2.08144376893754200000,   0.00000,  39.67480316666666000000, -104.87553030555554000000
   260,   2.08144376893754200000,   0.00000,  39.67480316666666000000, -104.87553030555554000000
   261,   2.08144376893754200000,   5.00000,  39.67480316666666000000, -104.87553030555554000000
   262,   2.08400434327044100000,   9.30000,  39.67480352777777600000, -104.87548227777778000000
   263,   2.08733455576814900000,  12.40000,  39.67479977777778000000, -104.87541999999999000000
   264,   2.09210405791282700000,  16.80000,  39.67478652777777600000, -104.87533219444444000000
   265,   2.09858872993925700000,  22.40000,  39.67478461111111000000, -104.87521058333333000000
   266,   2.10609911699095200000,  26.10000,  39.67476613888888400000, -104.87507174999999000000
   267,   2.11335247833093650000,  28.60000,  39.67476013888888500000, -104.87493591666666000000
   268,   2.12182451406608450000,  31.10000,  39.67475016666666000000, -104.87477752777777000000
   269,   2.13103985612224630000,  32.90000,  39.67474305555555000000, -104.87460491666666000000
   270,   2.14144710648051630000,  35.40000,  39.67473888888889000000, -104.87440977777777000000
   271,   2.15170794177785440000,  36.70000,  39.67474719444444000000, -104.87421761111110000000
   272,   2.16211519151551460000,  36.70000,  39.67474302777777000000, -104.87402247222222000000
   273,   2.17252244187863970000,  36.70000,  39.67473886111111000000, -104.87382733333332000000
   274,   2.18292969286522600000,  36.70000,  39.67473469444444000000, -104.87363219444444000000
   275,   2.19333842480660750000,  36.70000,  39.67473052777777600000, -104.87343702777777000000
   276,   2.20374567704347000000,  36.70000,  39.67472636111111000000, -104.87324188888888000000
   277,   2.21415068852252440000,  37.30000,  39.67472911111110500000, -104.87304675000000000000
   278,   2.22515678314042200000,  37.90000,  39.67472641666666500000, -104.87284033333333000000
   279,   2.23556179461046600000,  37.30000,  39.67472916666666500000, -104.87264519444444000000
   280,   2.24612678599366160000,  36.00000,  39.67472636111111000000, -104.87244705555555000000
   281,   2.25593802179177550000,  35.40000,  39.67472072222222000000, -104.87226316666666000000
   282,   2.26636278049173030000,  34.80000,  39.67473041666666000000, -104.87206802777777000000
   283,   2.27616669587467300000,  33.60000,  39.67473169444444000000, -104.87188413888889000000
   284,   2.28494182309869930000,  31.70000,  39.67472447222221600000, -104.87171980555554000000
   285,   2.29338866295401940000,  29.20000,  39.67472836111111000000, -104.87156144444444000000
   286,   2.30123769697985560000,  25.50000,  39.67472383333333000000, -104.87141433333332000000
   287,   2.30712489813665570000,  20.50000,  39.67472738888889000000, -104.87130400000000000000
   288,   2.31241798408316420000,  16.80000,  39.67472249999999400000, -104.87120491666666000000
   289,   2.31635125217796500000,  11.80000,  39.67472719444444000000, -104.87113138888888000000
   290,   2.31909686574437700000,   6.80000,  39.67472197222222000000, -104.87108033333332000000
   291,   2.32031346422755000000,   3.70000,  39.67472491666666000000, -104.87105783333332000000
   292,   2.32112370946785870000,   2.50000,  39.67472083333333000000, -104.87104358333333000000
   301,   2.32693293816285740000,   3.70000,  39.67471736111111000000, -104.87094149999999000000
   302,   2.32877559526919600000,   8.10000,  39.67470224999999600000, -104.87091299999999000000
   303,   2.33243121553622370000,  12.40000,  39.67468602777777400000, -104.87084772222221000000
   304,   2.33710767895739200000,  16.80000,  39.67464347222222000000, -104.87077944444444000000
   305,   2.34394050556059150000,  22.40000,  39.67457183333333000000, -104.87069094444443000000
   306,   2.35005384357738260000,  25.50000,  39.67450430555555000000, -104.87061669444444000000
   307,   2.35762335002513270000,  28.60000,  39.67442858333333000000, -104.87051394444444000000
   308,   2.36699137336545100000,  31.70000,  39.67432938888888600000, -104.87039394444444000000
   309,   2.37635940287011450000,  34.20000,  39.67423019444444000000, -104.87027394444443000000
   310,   2.38715450760431600000,  37.30000,  39.67411305555555000000, -104.87013969444443000000
   311,   2.39794726804639070000,  39.80000,  39.67400430555555600000, -104.86999416666666000000
   312,   2.41014971017710300000,  42.30000,  39.67387763888889000000, -104.86983441666666000000
   313,   2.42205638949420530000,  43.50000,  39.67375083333333000000, -104.86968291666666000000
   314,   2.43464589373683850000,  43.50000,  39.67361861111111000000, -104.86952016666666000000
   315,   2.44684974098668200000,  43.50000,  39.67349191666666000000, -104.86936041666667000000
   316,   2.45910988348023400000,  42.90000,  39.67335822222222000000, -104.86920891666666000000
   317,   2.47135808733141700000,  42.30000,  39.67323291666666000000, -104.86904616666666000000
   318,   2.48317787557925000000,  42.30000,  39.67311177777778000000, -104.86888938888889000000
   319,   2.49508220192165050000,  42.30000,  39.67298500000000000000, -104.86873791666666000000
   320,   2.50690201104421370000,  41.60000,  39.67286386111111000000, -104.86858113888889000000
   321,   2.51837781556812600000,  41.60000,  39.67274127777777400000, -104.86843563888888000000
   322,   2.53053972303801100000,  41.60000,  39.67261322222222000000, -104.86827886111111000000
   323,   2.54167055727663540000,  41.00000,  39.67248774999999500000, -104.86814761111110000000
   324,   2.55277388371879830000,  39.80000,  39.67236094444444000000, -104.86801936111111000000
   325,   2.56351990196880100000,  37.90000,  39.67225080555556000000, -104.86787683333333000000
   326,   2.57431514006562200000,  36.00000,  39.67213366666667000000, -104.86774258333332000000
   327,   2.58400598396222940000,  33.60000,  39.67202616666666000000, -104.86762558333332000000
   328,   2.59333670514853300000,  31.10000,  39.67192558333333000000, -104.86750858333333000000
   329,   2.60085752978696360000,  28.00000,  39.67184849999999600000, -104.86740883333333000000
   330,   2.60804319410630740000,  24.90000,  39.67176994444444000000, -104.86732033333332000000
   331,   2.61519846166587000000,  24.20000,  39.67169000000000000000, -104.86723483333333000000
   332,   2.62142878099391800000,  24.20000,  39.67163249999999400000, -104.86714472222222000000
   333,   2.62754368633610320000,  24.20000,  39.67156494444444000000, -104.86707047222221000000
   334,   2.63425205971031050000,  24.20000,  39.67149761111111000000, -104.86697969444444000000
   335,   2.64108503214834170000,  24.90000,  39.67142597222222000000, -104.86689119444443000000
   336,   2.64757990450453400000,  26.10000,  39.67136127777778000000, -104.86680269444444000000
   337,   2.65555715303492870000,  28.00000,  39.67127161111111000000, -104.86670822222221000000
   338,   2.66312551981823240000,  29.20000,  39.67119591666666000000, -104.86660547222222000000
   339,   2.67152845991098000000,  31.10000,  39.67110205555555000000, -104.86650502777778000000
   340,   2.68025092134248300000,  32.30000,  39.67100969444444000000, -104.86639330555555000000
   341,   2.68927646695132470000,  33.60000,  39.67091741666666000000, -104.86627330555555000000
   342,   2.69903541864538700000,  34.80000,  39.67081263888889000000, -104.86615033333332000000
   343,   2.70943865346597100000,  36.00000,  39.67070105555555400000, -104.86601908333333000000
   344,   2.71949392000731340000,  37.30000,  39.67059638888889000000, -104.86588783333333000000
   345,   2.72993583198733170000,  36.70000,  39.67048616666666000000, -104.86575361111110000000
   346,   2.74037876666140520000,  36.70000,  39.67037594444444400000, -104.86561936111110000000
   347,   2.75078929657735200000,  36.70000,  39.67027277777777500000, -104.86547686111110000000
   348,   2.76123123112787800000,  37.30000,  39.67016255555556000000, -104.86534263888889000000
   349,   2.77167418838082160000,  37.90000,  39.67005233333333000000, -104.86520838888889000000
   350,   2.78241798104274400000,  37.30000,  39.66994222222222000000, -104.86506588888888000000
   351,   2.79282985554302640000,  37.30000,  39.66983902777777600000, -104.86492338888888000000
   352,   2.80362189122431100000,  37.30000,  39.66973027777777400000, -104.86477788888888000000
   353,   2.81402661656981360000,  37.30000,  39.66961866666666500000, -104.86464663888889000000
   354,   2.82443720638225000000,  37.30000,  39.66951549999999600000, -104.86450413888889000000
   355,   2.83522926778024730000,  37.90000,  39.66940675000000000000, -104.86435863888889000000
   356,   2.84597446493209700000,  37.90000,  39.66929661111111000000, -104.86421613888888000000
   357,   2.85641507207675900000,  39.10000,  39.66918641666666000000, -104.86408191666666000000
   358,   2.86754555522720620000,  39.10000,  39.66907072222222000000, -104.86393641666666000000
   359,   2.87867467311250720000,  38.50000,  39.66895505555555000000, -104.86379091666666000000
   360,   2.88872903005527660000,  37.90000,  39.66885038888888500000, -104.86365969444444000000
   361,   2.89985953906576730000,  36.70000,  39.66873469444444000000, -104.86351419444443000000
   362,   2.90991494189769460000,  37.30000,  39.66863002777777000000, -104.86338294444444000000
   363,   2.92070944202819940000,  38.50000,  39.66851288888888400000, -104.86324872222221000000
   364,   2.93159538472321600000,  37.90000,  39.66838869444444500000, -104.86312277777778000000
   365,   2.94238990110765150000,  39.10000,  39.66827155555555600000, -104.86298855555555000000
   366,   2.95287703057749300000,  39.80000,  39.66815291666666000000, -104.86286558333333000000
   367,   2.96443206651553260000,  39.10000,  39.66802327777778000000, -104.86272836111111000000
   368,   2.97531652959095050000,  39.80000,  39.66789911111111000000, -104.86260241666666000000
   369,   2.98658281594799400000,  41.00000,  39.66776799999999500000, -104.86247644444444000000
   370,   2.99813693943704740000,  41.00000,  39.66763836111111000000, -104.86233924999999000000
   371,   3.00940389641816130000,  41.00000,  39.66750722222222000000, -104.86221330555556000000
   372,   3.02053355831701250000,  41.60000,  39.66738177777778000000, -104.86208205555555000000
   373,   3.03248624767361050000,  41.60000,  39.66724658333333000000, -104.86194186111110000000
   374,   3.04454562110624800000,  42.30000,  39.66710297222222000000, -104.86181291666666000000
   375,   3.05647540776004420000,  42.90000,  39.66696638888889000000, -104.86167569444444000000
   376,   3.06893876331421560000,  43.50000,  39.66681725000000000000, -104.86154377777777000000
   377,   3.08140370928768540000,  44.10000,  39.66666808333333400000, -104.86141186111111000000
   378,   3.09452115069596670000,  44.10000,  39.66651347222222000000, -104.86126866666666000000
   379,   3.10697557376927700000,  43.50000,  39.66636294444444400000, -104.86113972222222000000
   380,   3.12037075893947600000,  45.40000,  39.66620980555555000000, -104.86098527777777000000
   381,   3.13308380370887500000,  44.70000,  39.66606075000000000000, -104.86084508333333000000
   382,   3.14553903142980000000,  45.40000,  39.66591019444444000000, -104.86071616666666000000
   383,   3.15904739751633600000,  45.40000,  39.66574866666666600000, -104.86057297222222000000
   384,   3.17150264183444940000,  45.40000,  39.66559811111111000000, -104.86044405555555000000
   385,   3.18462015017911250000,  44.70000,  39.66544350000000000000, -104.86030086111110000000
   386,   3.19733324239628040000,  44.10000,  39.66529444444444000000, -104.86016066666666000000
   387,   3.20966355835834200000,  43.50000,  39.66515230555555000000, -104.86002047222222000000
   388,   3.22199235939762600000,  42.30000,  39.66501019444444000000, -104.85988027777778000000
   389,   3.23364609986842000000,  41.00000,  39.66487213888889000000, -104.85975433333333000000
   390,   3.24491167421414550000,  39.80000,  39.66474102777778000000, -104.85962838888888000000
   391,   3.25616037082602500000,  39.10000,  39.66460852777777000000, -104.85950544444444000000
   392,   3.26675608545715020000,  39.10000,  39.66448150000000000000, -104.85939375000000000000
   393,   3.27735339113192130000,  39.10000,  39.66435444444444000000, -104.85928205555555000000
   394,   3.28821636585527600000,  37.30000,  39.66422888888888600000, -104.85915911111111000000
   395,   3.29881209832922500000,  36.00000,  39.66410186111111000000, -104.85904741666666000000
   396,   3.30861255441086400000,  34.80000,  39.66398730555555000000, -104.85893872222222000000
   397,   3.31766051037080430000,  31.10000,  39.66388661111111000000, -104.85883000000000000000
   398,   3.32561262542549500000,  27.30000,  39.66379555555555000000, -104.85873855555555000000
   399,   3.33319292340418730000,  24.90000,  39.66371144444444500000, -104.85864708333332000000
   400,   3.33970407456281200000,  24.20000,  39.66363833333333000000, -104.85856986111110000000
   401,   3.34633566064081430000,  24.20000,  39.66355683333333000000, -104.85850391666666000000
   402,   3.35362820407388050000,  26.70000,  39.66347122222222000000, -104.85842369444444000000
   403,   3.36171231095947300000,  29.20000,  39.66337177777777600000, -104.85834349999999000000
   404,   3.37045147263999000000,  31.70000,  39.66326825000000000000, -104.85824905555555000000
   405,   3.37987230914942630000,  34.20000,  39.66316061111111000000, -104.85814033333332000000
   406,   3.38967126538227560000,  33.60000,  39.66304608333333400000, -104.85803163888889000000
   407,   3.39947177245699050000,  36.00000,  39.66293152777778000000, -104.85792294444444000000
   408,   3.40967642429999130000,  36.70000,  39.66281141666666000000, -104.85781125000000000000
   409,   3.42053948516629270000,  36.70000,  39.66268586111111000000, -104.85768830555556000000
   410,   3.43074328466912440000,  37.90000,  39.66256575000000000000, -104.85757663888889000000
   411,   3.44160788740317200000,  38.50000,  39.66244016666666000000, -104.85745369444444000000
   412,   3.45247186289487500000,  39.10000,  39.66231461111111000000, -104.85733072222222000000
   413,   3.46412489663798200000,  39.80000,  39.66217655555555400000, -104.85720480555555000000
   414,   3.47472072556512450000,  39.10000,  39.66204952777777500000, -104.85709311111111000000
   415,   3.48558535711343030000,  38.50000,  39.66192394444444600000, -104.85697016666666000000
   416,   3.49607043297046570000,  36.70000,  39.66180533333333400000, -104.85684722222221000000
   417,   3.50579419416014400000,  34.80000,  39.66169916666666500000, -104.85672727777778000000
   418,   3.51551749268506740000,  32.30000,  39.66159302777777600000, -104.85660730555556000000
   419,   3.52416871730648440000,  29.80000,  39.66149788888889000000, -104.85650161111110000000
   420,   3.53174911744991870000,  26.10000,  39.66141377777777400000, -104.85641013888889000000
   421,   3.53879154683943840000,  22.40000,  39.66132533333333000000, -104.85634419444443000000
   422,   3.54383634027911300000,  18.00000,  39.66126877777778000000, -104.85628422222221000000
   423,   3.54851904847242500000,  14.90000,  39.66121919444444000000, -104.85622425000000000000
   424,   3.55212996276350350000,  12.40000,  39.66118761111111000000, -104.85617024999999000000
   425,   3.55463933208424270000,   9.90000,  39.66115866666666500000, -104.85614174999999000000
   426,   3.55678849705583880000,   7.50000,  39.66113663888888400000, -104.85611324999999000000
   427,   3.55856058037096200000,   5.60000,  39.66112016666666000000, -104.85608775000000000000
   428,   3.55977887111661850000,   3.10000,  39.66112311111111000000, -104.85606522222221000000
   429,   3.56080806740804700000,   0.00000,  39.66110911111111000000, -104.85605855555555000000
   430,   3.56080806740804700000,   0.00000,  39.66110911111111000000, -104.85605855555555000000
   431,   3.56080806740804700000,   0.00000,  39.66110911111111000000, -104.85605855555555000000
   432,   3.56080806740804700000,   0.00000,  39.66110911111111000000, -104.85605855555555000000
   433,   3.56080806740804700000,   0.00000,  39.66110911111111000000, -104.85605855555555000000
   434,   3.56080806740804700000,   0.00000,  39.66110911111111000000, -104.85605855555555000000
   435,   3.56080806740804700000,   0.00000,  39.66110911111111000000, -104.85605855555555000000
   436,   3.56080806740804700000,   0.00000,  39.66110911111111000000, -104.85605855555555000000
   437,   3.56080806740804700000,   0.00000,  39.66110911111111000000, -104.85605855555555000000
   438,   3.56080806740804700000,   0.00000,  39.66110911111111000000, -104.85605855555555000000
   439,   3.56080806740804700000,   0.00000,  39.66110911111111000000, -104.85605855555555000000
   440,   3.56080806740804700000,   0.00000,  39.66110911111111000000, -104.85605855555555000000
   441,   3.56080806740804700000,   0.00000,  39.66110911111111000000, -104.85605855555555000000
   442,   3.56080806740804700000,   0.00000,  39.66110911111111000000, -104.85605855555555000000
   443,   3.56080806740804700000,   0.00000,  39.66110911111111000000, -104.85605855555555000000
   444,   3.56080806740804700000,   0.00000,  39.66110911111111000000, -104.85605855555555000000
   445,   3.56080806740804700000,   0.00000,  39.66110911111111000000, -104.85605855555555000000
   446,   3.56080806740804700000,   0.00000,  39.66110911111111000000, -104.85605855555555000000
   447,   3.56080806740804700000,   0.00000,  39.66110911111111000000, -104.85605855555555000000
   448,   3.56080806740804700000,   0.00000,  39.66110911111111000000, -104.85605855555555000000
   449,   3.56080806740804700000,   0.00000,  39.66110911111111000000, -104.85605855555555000000
   450,   3.56080806740804700000,   0.00000,  39.66110911111111000000, -104.85605855555555000000
   451,   3.56080806740804700000,   0.00000,  39.66110911111111000000, -104.85605855555555000000
   452,   3.56080806740804700000,   0.00000,  39.66110911111111000000, -104.85605855555555000000
   453,   3.56080806740804700000,   0.00000,  39.66110911111111000000, -104.85605855555555000000
   454,   3.56080806740804700000,   0.00000,  39.66110911111111000000, -104.85605855555555000000
   455,   3.56080806740804700000,   0.00000,  39.66110911111111000000, -104.85605855555555000000
   456,   3.56080806740804700000,   0.00000,  39.66110911111111000000, -104.85605855555555000000
   457,   3.56080806740804700000,   0.00000,  39.66110911111111000000, -104.85605855555555000000
   458,   3.56080806740804700000,   2.50000,  39.66110911111111000000, -104.85605855555555000000
   459,   3.56188332798729230000,   5.60000,  39.66109808333333000000, -104.85604430555556000000
   460,   3.56478755988649200000,  10.60000,  39.66107197222222400000, -104.85600158333332000000
   461,   3.56839850455387970000,  14.90000,  39.66104041666666500000, -104.85594755555555000000
   462,   3.57344355235437170000,  18.60000,  39.66099227777778000000, -104.85587633333333000000
   463,   3.57925434617437800000,  22.40000,  39.66094005555556000000, -104.85579083333333000000
   464,   3.58607115697405550000,  24.90000,  39.66087544444444000000, -104.85569411111110000000
   465,   3.59363903944903830000,  27.30000,  39.66079974999999500000, -104.85559138888888000000
   466,   3.60163911235027200000,  27.30000,  39.66073252777777500000, -104.85546913888888000000
   467,   3.60928847857723320000,  28.00000,  39.66066522222222000000, -104.85535513888888000000
   468,   3.61764279541970700000,  29.20000,  39.66059244444444000000, -104.85522991666666000000
   469,   3.62608504278347600000,  30.40000,  39.66052669444444000000, -104.85509638888888000000
   470,   3.63486905290590820000,  31.70000,  39.66045541666666500000, -104.85495988888889000000
   471,   3.64444214917952400000,  33.60000,  39.66038002777778000000, -104.85480916666666000000
   472,   3.65392167752978430000,  35.40000,  39.66031861111111000000, -104.85465013888889000000
   473,   3.66442653433278530000,  36.70000,  39.66024616666667000000, -104.85447686111111000000
   474,   3.67491314311863570000,  37.90000,  39.66018769444444600000, -104.85429533333333000000
   475,   3.68575866195445870000,  38.50000,  39.66013763888889000000, -104.85410252777777000000
   476,   3.69729426954878800000,  39.80000,  39.66008211111111000000, -104.85389847222221000000
   477,   3.70911208374006100000,  41.60000,  39.66002102777777000000, -104.85369141666666000000
   478,   3.72104412260099000000,  42.30000,  39.65997391666666500000, -104.85347611111110000000
   479,   3.73367231789862900000,  43.50000,  39.65990875000000000000, -104.85325480555555000000
   480,   3.74615856304416300000,  42.90000,  39.65986308333333500000, -104.85302822222222000000
   481,   3.75796912528990570000,  42.90000,  39.65982291666666000000, -104.85281291666666000000
   482,   3.76964930801324230000,  42.30000,  39.65978133333333500000, -104.85260058333333000000
   483,   3.78079086818546700000,  40.40000,  39.65974661111111000000, -104.85239652777777000000
   484,   3.79236271311802580000,  38.50000,  39.65971197222222000000, -104.85218419444443000000
   485,   3.80247486803748650000,  37.30000,  39.65968686111111000000, -104.85199736111110000000
   486,   3.81201373856548730000,  35.40000,  39.65966030555555500000, -104.85182180555555000000
   487,   3.82147402951284660000,  34.20000,  39.65964066666667000000, -104.85164622222221000000
   488,   3.83101327440574970000,  33.60000,  39.65961408333333000000, -104.85147066666666000000
   489,   3.84078886544983430000,  34.20000,  39.65958197222222000000, -104.85129211111110000000
   490,   3.85032811810990500000,  34.80000,  39.65955538888889000000, -104.85111655555555000000
   491,   3.86010415146162830000,  34.80000,  39.65952325000000000000, -104.85093800000000000000
   492,   3.86964304364190200000,  34.80000,  39.65949669444444000000, -104.85076244444444000000
   493,   3.87953823129390370000,  34.20000,  39.65945763888889000000, -104.85058388888888000000
   494,   3.88931283508624670000,  33.60000,  39.65942550000000000000, -104.85040536111110000000
   495,   3.89828509522088800000,  33.60000,  39.65939747222222400000, -104.85024105555554000000
   496,   3.90839729461195740000,  34.80000,  39.65937236111111000000, -104.85005422222221000000
   497,   3.91793657501017420000,  34.80000,  39.65934577777777000000, -104.84987866666667000000
   498,   3.92827614085091300000,  36.00000,  39.65931513888888600000, -104.84968886111110000000
   499,   3.93838835188418730000,  36.70000,  39.65929002777778000000, -104.84950202777777000000
   500,   3.94849910714693300000,  36.70000,  39.65926491666666500000, -104.84931522222222000000
   501,   3.95883868452644540000,  36.70000,  39.65923427777778000000, -104.84912541666667000000
   502,   3.96928817580157100000,  35.40000,  39.65919669444445000000, -104.84893558333333000000
   503,   3.97893105662773650000,  34.80000,  39.65916316666666600000, -104.84876002777777000000
   504,   3.98801864996921870000,  32.30000,  39.65912819444444000000, -104.84859572222221000000
   505,   3.99668219149244440000,  29.80000,  39.65909311111111000000, -104.84843972222222000000
   506,   4.00428872887417400000,  26.10000,  39.65906769444444500000, -104.84830091666666000000
   507,   4.01122759268510300000,  22.40000,  39.65904769444444600000, -104.84817338888888000000
   508,   4.01692067346205600000,  19.90000,  39.65902338888889000000, -104.84807136111111000000
   509,   4.02235880525045000000,  18.00000,  39.65900463888889000000, -104.84797230555554000000
   510,   4.02782776365950700000,  16.80000,  39.65896363888888500000, -104.84788452777778000000
   511,   4.03251194349424600000,  16.20000,  39.65891402777777600000, -104.84782455555555000000
   512,   4.03881355521006700000,  17.40000,  39.65882819444444600000, -104.84778413888888000000
   513,   4.04382016380275600000,  19.30000,  39.65875586111111000000, -104.84779172222221000000
   514,   4.04983053893469100000,  21.10000,  39.65866961111111000000, -104.84780761111111000000
   515,   4.05802484437762400000,  27.30000,  39.65855402777777500000, -104.84784300000000000000
   516,   4.06575408239230400000,  29.80000,  39.65844538888888600000, -104.84787841666666000000
   517,   4.07381972862697000000,  30.40000,  39.65833119444444000000, -104.84791083333333000000
   518,   4.08298536453937900000,  32.30000,  39.65819908333333000000, -104.84792900000000000000
   519,   4.09255402663318350000,  34.20000,  39.65806399999999600000, -104.84796969444444000000
   520,   4.10246297328858050000,  33.60000,  39.65792336111111000000, -104.84800741666666000000
   521,   4.11079553404371800000,  30.40000,  39.65780369444444600000, -104.84802858333333000000
   522,   4.11865157475959300000,  28.60000,  39.65769100000000000000, -104.84804972222221000000
   523,   4.12682289559429800000,  27.30000,  39.65757280555555000000, -104.84805963888888000000
