77277
    53,   0.20042943981148506000,   6.80000,  39.59686558333333000000, -104.88100383333332000000
    54,   0.20294027149288157000,   9.90000,  39.59683661111111500000, -104.88097536111110000000
    55,   0.20644436210134387000,  13.00000,  39.59678666666667000000, -104.88096341666666000000
    56,   0.21041884915286670000,  15.50000,  39.59672980555555500000, -104.88095144444443000000
    57,   0.21578827515902730000,  18.60000,  39.59665202777778000000, -104.88094774999999000000
    58,   0.22164402983953066000,  21.70000,  39.59656722222223000000, -104.88095233333333000000
    59,   0.22883468669903400000,  24.90000,  39.59646300000000000000, -104.88095388888888000000
    60,   0.23602536070054844000,  26.10000,  39.59635877777778000000, -104.88095547222221000000
    61,   0.24312012297837202000,  25.50000,  39.59625594444444400000, -104.88095405555555000000
    62,   0.25062061809485190000,  24.90000,  39.59614766666667000000, -104.88094138888889000000
    63,   0.25810065580814430000,  24.90000,  39.59604083333333000000, -104.88091747222222000000
    64,   0.26510722438264545000,  24.20000,  39.59594097222222000000, -104.88089355555555000000
    65,   0.27173685071947900000,  23.60000,  39.59584516666667000000, -104.88088388888889000000
    66,   0.27836647700328140000,  23.00000,  39.59574936111111000000, -104.88087422222222000000
    67,   0.28452048921300750000,  21.70000,  39.59566047222223000000, -104.88086455555555000000
    68,   0.29027874381766294000,  19.90000,  39.59557716666667000000, -104.88085786111111000000
    69,   0.29565579623135413000,  18.00000,  39.59549930555555600000, -104.88086241666666000000
    70,   0.30054648646631377000,  16.20000,  39.59542847222222400000, -104.88085872222221000000
    71,   0.30496043336645434000,  13.00000,  39.59536455555555500000, -104.88085502777777000000
    72,   0.30850780609515227000,  11.80000,  39.59531313888889000000, -104.88085433333333000000
    73,   0.31167404832349590000,  13.00000,  39.59526727777778000000, -104.88085661111110000000
    74,   0.31569858515184956000,  14.90000,  39.59520894444444400000, -104.88085588888889000000
    75,   0.32007977771118210000,  14.90000,  39.59514650000000600000, -104.88084094444444000000
    76,   0.32364561305169315000,  14.90000,  39.59509802777778000000, -104.88081774999999000000
    77,   0.32820939343733385000,  14.90000,  39.59503855555556000000, -104.88078030555555000000
    78,   0.33218448084926316000,  15.50000,  39.59499305555555500000, -104.88073461111111000000
    79,   0.33657685869972515000,  14.90000,  39.59495741666667000000, -104.88066641666666000000
    80,   0.34092352776726037000,  15.50000,  39.59493575000000500000, -104.88058994444444000000
    81,   0.34604610267314007000,  17.40000,  39.59493644444445000000, -104.88049397222221000000
    82,   0.35133772858543080000,  20.50000,  39.59493158333333400000, -104.88039502777777000000
    83,   0.35770299170618830000,  23.60000,  39.59494216666667000000, -104.88027655555555000000
    84,   0.36479963009082710000,  26.10000,  39.59494869444445000000, -104.88014386111111000000
    85,   0.37248274083552860000,  29.20000,  39.59494972222222500000, -104.87999991666666000000
    86,   0.38153273474759336000,  31.70000,  39.59495511111111000000, -104.87983050000000000000
    87,   0.39117702463311590000,  34.80000,  39.59495502777778000000, -104.87964980555554000000
    88,   0.40142221224043010000,  37.30000,  39.59495641666667000000, -104.87945786111110000000
    89,   0.41242757888087380000,  39.10000,  39.59495375000000000000, -104.87925169444443000000
    90,   0.42389815553728190000,  41.00000,  39.59496502777778000000, -104.87903727777777000000
    91,   0.43550274064441113000,  41.60000,  39.59496380555556000000, -104.87881986111111000000
    92,   0.44695085303378580000,  41.00000,  39.59496816666667000000, -104.87860544444443000000
    93,   0.45855543761720680000,  41.00000,  39.59496694444444400000, -104.87838802777777000000
    94,   0.47076018233419936000,  41.00000,  39.59496722222222000000, -104.87815936111110000000
    95,   0.48220972605012560000,  40.40000,  39.59497155555556000000, -104.87794491666666000000
    96,   0.49365778696268450000,  40.40000,  39.59497588888889000000, -104.87773050000000000000
    97,   0.50526237025834340000,  40.40000,  39.59497466666666600000, -104.87751308333333000000
    98,   0.51671191274887700000,  40.40000,  39.59497900000000000000, -104.87729863888889000000
    99,   0.52831648175696380000,  40.40000,  39.59497780555556000000, -104.87708122222222000000
   100,   0.53916198279481110000,  39.80000,  39.59498066666667000000, -104.87687805555555000000
   101,   0.55076656529263150000,  39.80000,  39.59497944444445000000, -104.87666063888888000000
   102,   0.56177192829017530000,  40.40000,  39.59497677777778000000, -104.87645447222222000000
   103,   0.57321998834373110000,  40.40000,  39.59498111111111000000, -104.87624005555556000000
   104,   0.58482457076807910000,  40.40000,  39.59497988888889000000, -104.87602263888888000000
   105,   0.59582996589897000000,  41.00000,  39.59497719444444600000, -104.87581647222221000000
   106,   0.60727950797433750000,  41.60000,  39.59498152777778000000, -104.87560202777777000000
   107,   0.61949289860294270000,  41.60000,  39.59497486111111000000, -104.87537336111110000000
   108,   0.63109748206940810000,  42.90000,  39.59497363888889000000, -104.87515594444444000000
   109,   0.64330222275617330000,  43.50000,  39.59497388888889400000, -104.87492727777777000000
   110,   0.65550696625451580000,  44.10000,  39.59497416666667000000, -104.87469861111110000000
   111,   0.66771170684798340000,  44.10000,  39.59497441666666600000, -104.87446994444444000000
   112,   0.67991644739825810000,  44.10000,  39.59497466666666600000, -104.87424127777777000000
   113,   0.69257147002675830000,  43.50000,  39.59498194444445000000, -104.87400436111110000000
   114,   0.70477621211146870000,  43.50000,  39.59498222222223000000, -104.87377569444443000000
   115,   0.71698095129130310000,  43.50000,  39.59498247222223000000, -104.87354702777778000000
   116,   0.72918569042794520000,  43.50000,  39.59498272222223000000, -104.87331836111110000000
   117,   0.74139042952003630000,  43.50000,  39.59498297222222600000, -104.87308969444443000000
   118,   0.75359516856825690000,  43.50000,  39.59498322222222600000, -104.87286102777777000000
   119,   0.76579990757328400000,  43.50000,  39.59498347222222500000, -104.87263236111110000000
   120,   0.77740447583382880000,  42.90000,  39.59498227777778000000, -104.87241494444444000000
   121,   0.78945567585609380000,  42.30000,  39.59498805555556000000, -104.87218927777778000000
   122,   0.80106025712177400000,  41.60000,  39.59498683333334000000, -104.87197186111110000000
   123,   0.81250979761139200000,  41.00000,  39.59499116666667000000, -104.87175741666665000000
   124,   0.82411289580151270000,  41.00000,  39.59498994444445000000, -104.87154002777777000000
   125,   0.83556243577865150000,  41.60000,  39.59499427777778000000, -104.87132558333333000000
   126,   0.84776717284358800000,  42.30000,  39.59499452777778000000, -104.87109691666666000000
   127,   0.85921274415197890000,  42.30000,  39.59499191666667000000, -104.87088250000000000000
   128,   0.87066228380464110000,  41.60000,  39.59499625000000000000, -104.87066805555556000000
   129,   0.88287574417013250000,  41.60000,  39.59498955555556000000, -104.87043938888888000000
   130,   0.89432375224110240000,  41.60000,  39.59499386111111400000, -104.87022497222222000000
   131,   0.90594160323644720000,  42.30000,  39.59498572222222600000, -104.87000755555555000000
   132,   0.91799428444639820000,  42.90000,  39.59499150000000000000, -104.86978186111111000000
   133,   0.93003914589596580000,  42.90000,  39.59499036111111500000, -104.86955619444444000000
   134,   0.94208549010754250000,  43.50000,  39.59498922222222500000, -104.86933049999999000000
   135,   0.95429895170405430000,  43.50000,  39.59498252777778000000, -104.86910183333333000000
   136,   0.96634381470811090000,  44.10000,  39.59498138888889000000, -104.86887616666667000000
   137,   0.97838867790940430000,  44.10000,  39.59498025000000000000, -104.86865049999999000000
   138,   0.99119438991710660000,  44.70000,  39.59498194444445000000, -104.86841058333333000000
   139,   1.00384095135163840000,  44.70000,  39.59498227777778000000, -104.86817363888888000000
   140,   1.01588581439831380000,  45.40000,  39.59498113888889000000, -104.86794797222221000000
   141,   1.02869606050684900000,  45.40000,  39.59497591666667000000, -104.86770805555555000000
   142,   1.04194363889108300000,  46.00000,  39.59497772222222500000, -104.86745986111110000000
   143,   1.05474935136485360000,  46.60000,  39.59497941666667000000, -104.86721994444444000000
   144,   1.06739443066494880000,  46.60000,  39.59497975000000000000, -104.86698302777778000000
   145,   1.08080255706476280000,  47.20000,  39.59497600000000000000, -104.86673186111110000000
   146,   1.09406172778774800000,  47.20000,  39.59498472222222000000, -104.86648369444444000000
   147,   1.10746985322933590000,  47.80000,  39.59498097222222400000, -104.86623252777777000000
   148,   1.12087729396762400000,  47.80000,  39.59498416666667000000, -104.86598136111111000000
   149,   1.13428541951695540000,  47.80000,  39.59498041666667000000, -104.86573019444444000000
   150,   1.14769286036231020000,  47.80000,  39.59498361111111000000, -104.86547902777777000000
   151,   1.16125810552920700000,  47.80000,  39.59498125000000400000, -104.86522488888889000000
   152,   1.17466551485461120000,  47.20000,  39.59498441666667000000, -104.86497372222222000000
   153,   1.18807295492907740000,  47.20000,  39.59498761111111500000, -104.86472255555555000000
   154,   1.20104094967377930000,  47.20000,  39.59498377777778000000, -104.86447963888888000000
   155,   1.21444835851134400000,  47.20000,  39.59498694444445000000, -104.86422847222222000000
   156,   1.22725408692230850000,  46.60000,  39.59498866666666600000, -104.86398855555555000000
   157,   1.24081933110395930000,  47.20000,  39.59498630555556000000, -104.86373441666666000000
   158,   1.25362504199744060000,  47.20000,  39.59498800000000000000, -104.86349449999999000000
   159,   1.26719028630842550000,  47.80000,  39.59498563888889000000, -104.86324036111111000000
   160,   1.28059769478798960000,  48.50000,  39.59498880555556000000, -104.86298919444444000000
   161,   1.29400513401658170000,  49.10000,  39.59499200000000500000, -104.86273802777777000000
   162,   1.30818163792836400000,  49.70000,  39.59498416666667000000, -104.86247261111110000000
   163,   1.32219137354853560000,  50.30000,  39.59498880555556000000, -104.86221019444444000000
   164,   1.33635622344646280000,  51.00000,  39.59498791666667000000, -104.86194480555555000000
   165,   1.35036320633431670000,  51.60000,  39.59498561111111000000, -104.86168238888888000000
   166,   1.36512843001990900000,  51.60000,  39.59498619444444500000, -104.86140574999999000000
   167,   1.37973506688790200000,  51.60000,  39.59498538888889400000, -104.86113208333333000000
   168,   1.39374480226334190000,  51.60000,  39.59499002777778000000, -104.86086966666666000000
   169,   1.40851797303310190000,  52.20000,  39.59498366666667000000, -104.86059300000000000000
   170,   1.42328319203633470000,  52.20000,  39.59498422222222000000, -104.86031636111110000000
   171,   1.43804841601746740000,  52.20000,  39.59498480555555500000, -104.86003972222221000000
   172,   1.45205815150898400000,  52.20000,  39.59498944444444400000, -104.85977730555555000000
   173,   1.46682485187555760000,  52.20000,  39.59499000000000000000, -104.85950063888889000000
   174,   1.48159914943915780000,  51.60000,  39.59499752777778000000, -104.85922400000000000000
   175,   1.49593094297320530000,  51.60000,  39.59499105555556000000, -104.85895561111110000000
   176,   1.51010176193583280000,  51.00000,  39.59499708333333000000, -104.85869022222222000000
   177,   1.52426809273013600000,  51.00000,  39.59499619444445000000, -104.85842480555554000000
   178,   1.53859296557800200000,  50.30000,  39.59499666666667000000, -104.85815641666666000000
   179,   1.55232821398165230000,  50.30000,  39.59498875000000000000, -104.85789927777778000000
   180,   1.56649903341501970000,  50.30000,  39.59499477777778000000, -104.85763388888888000000
   181,   1.58082390655467600000,  50.30000,  39.59499525000000400000, -104.85736550000000000000
   182,   1.59439185573917100000,  49.70000,  39.59499983333333000000, -104.85711136111111000000
   183,   1.60856415487246980000,  49.70000,  39.59500586111111000000, -104.85684594444444000000
   184,   1.62228722863337830000,  49.70000,  39.59500486111111400000, -104.85658883333333000000
   185,   1.63645952674437670000,  49.70000,  39.59501088888889000000, -104.85632341666665000000
   186,   1.65019477234377440000,  49.70000,  39.59500297222222500000, -104.85606627777777000000
   187,   1.66436553277763650000,  49.70000,  39.59500897222222400000, -104.85580088888888000000
   188,   1.67810077875494310000,  49.70000,  39.59500105555556000000, -104.85554375000000000000
   189,   1.69227159568318840000,  49.70000,  39.59500708333333600000, -104.85527836111110000000
   190,   1.70583834190797550000,  49.70000,  39.59500469444445000000, -104.85502419444444000000
   191,   1.72000319699877120000,  50.30000,  39.59500377777778400000, -104.85475880555555000000
   192,   1.73417401337280960000,  50.30000,  39.59500980555555600000, -104.85449341666666000000
   193,   1.74774075906664960000,  49.70000,  39.59500741666667000000, -104.85423924999999000000
   194,   1.76190561360302270000,  48.50000,  39.59500650000000400000, -104.85397386111110000000
   195,   1.77471132077779470000,  47.80000,  39.59500819444444600000, -104.85373394444444000000
   196,   1.78827658430069310000,  47.80000,  39.59500580555556000000, -104.85347980555555000000
   197,   1.80168398889359630000,  47.20000,  39.59500897222222400000, -104.85322863888888000000
   198,   1.81449428392033820000,  46.60000,  39.59500372222222000000, -104.85298872222222000000
   199,   1.82729997426021070000,  46.00000,  39.59500538888889000000, -104.85274880555555000000
   200,   1.84010568164090740000,  45.40000,  39.59500708333333600000, -104.85250888888888000000
   201,   1.85291597701527790000,  44.10000,  39.59500183333333500000, -104.85226897222222000000
   202,   1.86496859221501030000,  42.90000,  39.59500758333333400000, -104.85204327777777000000
   203,   1.87658662679340730000,  42.90000,  39.59499938888889400000, -104.85182586111111000000
   204,   1.88863776062427320000,  42.90000,  39.59500513888889400000, -104.85160019444444000000
   205,   1.90068411492967360000,  43.50000,  39.59500397222222000000, -104.85137449999999000000
   206,   1.91288884773746750000,  43.50000,  39.59500419444445000000, -104.85114583333333000000
   207,   1.92493521516531050000,  43.50000,  39.59500300000000500000, -104.85092013888888000000
   208,   1.93714874696458830000,  44.10000,  39.59499627777778000000, -104.85069147222222000000
   209,   1.94919988133395300000,  44.10000,  39.59500202777778000000, -104.85046580555554000000
   210,   1.96201017763946540000,  44.70000,  39.59499677777778000000, -104.85022588888889000000
   211,   1.97481588660489100000,  45.40000,  39.59499847222222000000, -104.84998597222221000000
   212,   1.98686850238578750000,  44.70000,  39.59500422222222000000, -104.84976027777778000000
   213,   1.99967419263292910000,  44.10000,  39.59500588888889000000, -104.84952036111110000000
   214,   2.01187892510437400000,  43.50000,  39.59500611111111000000, -104.84929169444445000000
   215,   2.02408365528317450000,  43.50000,  39.59500630555556000000, -104.84906302777777000000
   216,   2.03628838768150000000,  42.90000,  39.59500652777778000000, -104.84883436111110000000
   217,   2.04789299435079240000,  42.30000,  39.59500525000000000000, -104.84861694444444000000
   218,   2.05949758683256250000,  42.30000,  39.59500400000000000000, -104.84839952777777000000
   219,   2.07170231738115400000,  42.30000,  39.59500419444445000000, -104.84817086111110000000
   220,   2.08331317232222600000,  42.30000,  39.59500986111111600000, -104.84795344444444000000
   221,   2.09491776403396800000,  41.60000,  39.59500861111111000000, -104.84773602777777000000
   222,   2.10652237035566500000,  42.30000,  39.59500733333333500000, -104.84751861111111000000
   223,   2.11872710257431060000,  42.30000,  39.59500755555556000000, -104.84728994444444000000
   224,   2.13033170907212280000,  42.30000,  39.59500627777778000000, -104.84707252777777000000
   225,   2.14194256366581430000,  41.60000,  39.59501194444444400000, -104.84685511111111000000
   226,   2.15354715503063730000,  41.00000,  39.59501069444445000000, -104.84663769444444000000
   227,   2.16515176100473060000,  41.00000,  39.59500941666667000000, -104.84642027777777000000
   228,   2.17601630242577660000,  40.40000,  39.59501916666667000000, -104.84621711111110000000
   229,   2.18762090698630200000,  39.80000,  39.59501788888889000000, -104.84599969444444000000
   230,   2.19862636151460400000,  39.80000,  39.59501513888889000000, -104.84579352777777000000
   231,   2.20963178360638900000,  38.50000,  39.59501241666667000000, -104.84558736111110000000
   232,   2.22047869253474500000,  38.50000,  39.59501522222222000000, -104.84538416666666000000
   233,   2.23088375573689750000,  37.90000,  39.59501794444445000000, -104.84518924999999000000
   234,   2.24172918144449260000,  37.90000,  39.59502075000000000000, -104.84498608333332000000
   235,   2.25213662645406340000,  38.50000,  39.59501652777778000000, -104.84479116666667000000
   236,   2.26298356910466900000,  38.50000,  39.59501936111111000000, -104.84458797222221000000
   237,   2.27400769484310850000,  38.50000,  39.59500966666667000000, -104.84438180555556000000
   238,   2.28425135674301300000,  37.90000,  39.59501100000000000000, -104.84418988888888000000
   239,   2.29509826589224540000,  37.30000,  39.59501380555556000000, -104.84398669444444000000
   240,   2.30534340971658100000,  36.00000,  39.59501513888889000000, -104.84379475000000000000
   241,   2.31498621173381900000,  35.40000,  39.59501500000000400000, -104.84361408333334000000
   242,   2.32463049636536400000,  34.80000,  39.59501486111111000000, -104.84343338888888000000
   243,   2.33472629892318400000,  34.80000,  39.59502175000000000000, -104.84324444444444000000
   244,   2.34437058261734400000,  36.00000,  39.59502161111111500000, -104.84306375000000000000
   245,   2.35462114221370700000,  37.90000,  39.59501600000000000000, -104.84287183333333000000
   246,   2.36546805058405900000,  39.10000,  39.59501880555556000000, -104.84266863888888000000
   247,   2.37631699028164830000,  39.10000,  39.59501466666667000000, -104.84246544444444000000
   248,   2.38776494466180300000,  39.80000,  39.59501894444445000000, -104.84225102777778000000
   249,   2.39861185257307860000,  39.80000,  39.59502175000000000000, -104.84204783333333000000
   250,   2.40963597793427950000,  39.80000,  39.59501205555556000000, -104.84184166666667000000
   251,   2.42108393274395970000,  39.80000,  39.59501633333333400000, -104.84162725000000000000
   252,   2.43193287282828450000,  39.10000,  39.59501219444444000000, -104.84142405555555000000
   253,   2.44277978179062100000,  39.10000,  39.59501500000000400000, -104.84122086111111000000
   254,   2.45362724000062000000,  38.50000,  39.59501086111111000000, -104.84101769444445000000
   255,   2.46447411514810130000,  37.90000,  39.59501363888889400000, -104.84081450000000000000
   256,   2.47532102388523030000,  37.90000,  39.59501644444445000000, -104.84061130555556000000
   257,   2.48575273602599100000,  37.90000,  39.59500530555556000000, -104.84041638888888000000
   258,   2.49659812967512700000,  38.50000,  39.59500808333333000000, -104.84021322222222000000
   259,   2.50744503927910860000,  39.10000,  39.59501088888889000000, -104.84001002777778000000
   260,   2.51829398021144040000,  39.10000,  39.59500675000000000000, -104.83980683333333000000
   261,   2.52929795412621460000,  39.80000,  39.59500400000000000000, -104.83960069444444000000
   262,   2.54074739236429450000,  40.40000,  39.59500827777778000000, -104.83938624999999000000
   263,   2.55235201345876400000,  41.00000,  39.59500697222222000000, -104.83916883333333000000
   264,   2.56396286793732300000,  41.60000,  39.59501263888889000000, -104.83895141666666000000
   265,   2.57556747358699760000,  41.60000,  39.59501136111111000000, -104.83873400000000000000
   266,   2.58717207944985630000,  42.30000,  39.59501008333333500000, -104.83851658333333000000
   267,   2.59877670024443200000,  41.60000,  39.59500877777778000000, -104.83829916666666000000
   268,   2.61114559175374250000,  41.60000,  39.59500341666667000000, -104.83806752777777000000
   269,   2.62275644682385020000,  41.60000,  39.59500908333334000000, -104.83785011111111000000
   270,   2.63453028067152100000,  41.60000,  39.59500225000000000000, -104.83762969444444000000
   271,   2.64614113593685000000,  41.00000,  39.59500791666667000000, -104.83741227777777000000
   272,   2.65731829149257640000,  40.40000,  39.59499961111111000000, -104.83720313888888000000
   273,   2.66892908283450900000,  39.10000,  39.59500525000000000000, -104.83698572222222000000
   274,   2.67933653016171400000,  37.90000,  39.59500102777778000000, -104.83679080555555000000
   275,   2.69034415558977940000,  37.90000,  39.59500522222223000000, -104.83658463888888000000
   276,   2.70075160292047170000,  37.30000,  39.59500100000000000000, -104.83638972222222000000
   277,   2.71101065281804800000,  36.70000,  39.59500925000000400000, -104.83619780555556000000
   278,   2.72141809954715530000,  36.00000,  39.59500502777778000000, -104.83600288888888000000
   279,   2.73122888754159000000,  36.00000,  39.59499933333333400000, -104.83581922222221000000
   280,   2.74147401647305000000,  36.00000,  39.59500063888889000000, -104.83562727777777000000
   281,   2.75111682050069900000,  36.70000,  39.59500050000000500000, -104.83544661111111000000
   282,   2.76152188590536500000,  37.30000,  39.59500322222222500000, -104.83525169444444000000
   283,   2.77252737595763800000,  37.90000,  39.59500044444444500000, -104.83504552777778000000
   284,   2.78277252175071470000,  37.90000,  39.59500177777778000000, -104.83485358333333000000
   285,   2.79317854140417370000,  37.90000,  39.59499752777778000000, -104.83465869444444000000
   286,   2.80402545265458650000,  37.30000,  39.59500033333334000000, -104.83445549999999000000
   287,   2.81427058143874000000,  37.30000,  39.59500163888889000000, -104.83426355555555000000
   288,   2.82451424452027270000,  36.00000,  39.59500297222222500000, -104.83407163888889000000
   289,   2.83415853291597260000,  34.20000,  39.59500280555556000000, -104.83389094444443000000
   290,   2.84322012478085000000,  32.90000,  39.59499425000000000000, -104.83372152777777000000
   291,   2.85226463949167950000,  31.10000,  39.59499263888889000000, -104.83355208333333000000
   292,   2.86054961624176700000,  28.60000,  39.59499508333334000000, -104.83339688888888000000
   293,   2.86823270441730350000,  26.70000,  39.59499608333333500000, -104.83325294444444000000
   294,   2.87592790124256600000,  25.50000,  39.59499013888889000000, -104.83310897222222000000
   295,   2.88241121071335100000,  24.20000,  39.59498816666667000000, -104.83298752777777000000
   296,   2.88934377968216800000,  23.00000,  39.59499325000000000000, -104.83285780555555000000
   297,   2.89522993375603600000,  20.50000,  39.59498983333334000000, -104.83274761111110000000
   298,   2.90035247026834450000,  16.80000,  39.59499047222222000000, -104.83265163888889000000
   299,   2.90487322740796600000,  14.30000,  39.59498966666667000000, -104.83256694444444000000
   300,   2.90864453295352470000,  14.30000,  39.59498600000000600000, -104.83249644444444000000
   301,   2.91316677286096500000,  14.30000,  39.59498519444445000000, -104.83241172222222000000
   302,   2.91693477952219800000,  13.70000,  39.59498844444444600000, -104.83234125000000000000
   303,   2.92026584181970470000,  11.80000,  39.59498469444445000000, -104.83227902777777000000
   304,   2.92342917636900920000,   8.70000,  39.59498650000000500000, -104.83221980555555000000
   305,   2.92525611131287940000,   5.00000,  39.59499091666667000000, -104.83218605555555000000
   306,   2.92662899784794900000,   3.10000,  39.59498830555556000000, -104.83216055555555000000
   307,   2.92723797615970230000,   0.00000,  39.59498977777778000000, -104.83214930555555000000
   308,   2.92723797615970230000,   0.00000,  39.59498977777778000000, -104.83214930555555000000
   309,   2.92723797615970230000,   0.00000,  39.59498977777778000000, -104.83214930555555000000
   310,   2.92723797615970230000,   0.00000,  39.59498977777778000000, -104.83214930555555000000
   311,   2.92723797615970230000,   0.00000,  39.59498977777778000000, -104.83214930555555000000
   312,   2.92723797615970230000,   0.00000,  39.59498977777778000000, -104.83214930555555000000
   313,   2.92723797615970230000,   0.00000,  39.59498977777778000000, -104.83214930555555000000
   314,   2.92723797615970230000,   0.00000,  39.59498977777778000000, -104.83214930555555000000
   315,   2.92723797615970230000,   0.00000,  39.59498977777778000000, -104.83214930555555000000
   316,   2.92723797615970230000,   0.00000,  39.59498977777778000000, -104.83214930555555000000
   317,   2.92723797615970230000,   0.00000,  39.59498977777778000000, -104.83214930555555000000
   318,   2.92723797615970230000,   0.00000,  39.59498977777778000000, -104.83214930555555000000
   319,   2.92723797615970230000,   0.00000,  39.59498977777778000000, -104.83214930555555000000
   320,   2.92723797615970230000,   0.00000,  39.59498977777778000000, -104.83214930555555000000
   321,   2.92723797615970230000,   0.00000,  39.59498977777778000000, -104.83214930555555000000
   322,   2.92723797615970230000,   0.00000,  39.59498977777778000000, -104.83214930555555000000
   323,   2.92723797615970230000,   0.00000,  39.59498977777778000000, -104.83214930555555000000
   324,   2.92723797615970230000,   0.00000,  39.59498977777778000000, -104.83214930555555000000
   325,   2.92723797615970230000,   0.00000,  39.59498977777778000000, -104.83214930555555000000
   326,   2.92723797615970230000,   0.00000,  39.59498977777778000000, -104.83214930555555000000
   327,   2.92723797615970230000,   0.00000,  39.59498977777778000000, -104.83214930555555000000
   328,   2.92723797615970230000,   0.00000,  39.59498977777778000000, -104.83214930555555000000
   329,   2.92723797615970230000,   0.00000,  39.59498977777778000000, -104.83214930555555000000
   330,   2.92723797615970230000,   0.00000,  39.59498977777778000000, -104.83214930555555000000
   331,   2.92723797615970230000,   0.00000,  39.59498977777778000000, -104.83214930555555000000
   332,   2.92723797615970230000,   0.00000,  39.59498977777778000000, -104.83214930555555000000
   333,   2.92723797615970230000,   0.00000,  39.59498977777778000000, -104.83214930555555000000
   334,   2.92723797615970230000,   0.00000,  39.59498977777778000000, -104.83214930555555000000
   335,   2.92723797615970230000,   0.00000,  39.59498977777778000000, -104.83214930555555000000
   336,   2.92723797615970230000,   0.00000,  39.59498977777778000000, -104.83214930555555000000
   337,   2.92723797615970230000,   0.00000,  39.59498977777778000000, -104.83214930555555000000
   338,   2.92723797615970230000,   0.00000,  39.59498977777778000000, -104.83214930555555000000
   339,   2.92723797615970230000,   0.00000,  39.59498977777778000000, -104.83214930555555000000
   340,   2.92723797615970230000,   0.00000,  39.59498977777778000000, -104.83214930555555000000
   341,   2.92723797615970230000,   0.00000,  39.59498977777778000000, -104.83214930555555000000
   342,   2.92723797615970230000,   0.00000,  39.59498977777778000000, -104.83214930555555000000
   343,   2.92723797615970230000,   0.00000,  39.59498977777778000000, -104.83214930555555000000
   344,   2.92723797615970230000,   0.00000,  39.59498977777778000000, -104.83214930555555000000
   345,   2.92723797615970230000,   0.00000,  39.59498977777778000000, -104.83214930555555000000
   346,   2.92723797615970230000,   0.00000,  39.59498977777778000000, -104.83214930555555000000
   347,   2.92723797615970230000,   0.00000,  39.59498977777778000000, -104.83214930555555000000
   348,   2.92723797615970230000,   0.00000,  39.59498977777778000000, -104.83214930555555000000
   349,   2.92723797615970230000,   5.00000,  39.59498977777778000000, -104.83214930555555000000
   350,   2.92919953378305030000,   9.90000,  39.59498863888889000000, -104.83211258333333000000
   351,   2.93312420772622200000,  14.30000,  39.59498633333334000000, -104.83203911111110000000
   352,   2.93749827876932400000,  18.00000,  39.59499108333333000000, -104.83195738888888000000
   353,   2.94284199033287350000,  21.10000,  39.59497925000000000000, -104.83185844444444000000
   354,   2.94917006613216030000,  24.20000,  39.59498283333333000000, -104.83173997222222000000
   355,   2.95625395466957000000,  26.70000,  39.59498236111111400000, -104.83160724999999000000
   356,   2.96453893264348120000,  29.20000,  39.59498480555555500000, -104.83145205555554000000
   357,   2.97282793835881700000,  31.70000,  39.59498033333334000000, -104.83129686111111000000
   358,   2.98187247863493900000,  33.60000,  39.59497869444445000000, -104.83112741666666000000
   359,   2.99151528570516460000,  35.40000,  39.59497855555556000000, -104.83094675000000000000
   360,   3.00176041769782960000,  36.70000,  39.59497986111111000000, -104.83075480555556000000
   361,   3.01200406695965970000,  36.00000,  39.59498116666667000000, -104.83056288888889000000
   362,   3.02224921559231300000,  35.40000,  39.59498250000000000000, -104.83037094444444000000
   363,   3.03189350682622430000,  34.80000,  39.59498233333333400000, -104.83019025000000000000
   364,   3.04153631548850270000,  34.20000,  39.59498216666667000000, -104.83000958333334000000
   365,   3.05102924451878900000,  34.20000,  39.59498755555555500000, -104.82983186111110000000
   366,   3.06067205036043080000,  33.60000,  39.59498741666667000000, -104.82965119444444000000
   367,   3.07031634091254670000,  33.60000,  39.59498725000000000000, -104.82947050000000000000
   368,   3.07935939780947130000,  33.60000,  39.59498561111111000000, -104.82930108333333000000
   369,   3.08900368651570400000,  32.90000,  39.59498547222223000000, -104.82912038888888000000
   370,   3.09804674364375150000,  33.60000,  39.59498383333334000000, -104.82895097222222000000
   371,   3.10753967244692350000,  33.60000,  39.59498922222222500000, -104.82877325000000000000
   372,   3.11719494529772600000,  33.60000,  39.59498211111111500000, -104.82859258333333000000
   373,   3.12623946158761120000,  34.20000,  39.59498050000000500000, -104.82842313888888000000
   374,   3.13648459329385740000,  35.40000,  39.59498180555555500000, -104.82823119444444000000
   375,   3.14613986717160140000,  36.70000,  39.59497469444444600000, -104.82805052777778000000
   376,   3.15698674795725640000,  37.90000,  39.59497747222222600000, -104.82784733333332000000
   377,   3.16739419943795900000,  38.50000,  39.59497325000000000000, -104.82765241666667000000
   378,   3.17824171477068030000,  39.10000,  39.59496908333334000000, -104.82744925000000000000
   379,   3.18908859643184400000,  39.10000,  39.59497186111111000000, -104.82724605555555000000
   380,   3.19993547765857360000,  39.10000,  39.59497463888889000000, -104.82704286111111000000
   381,   3.21154010436695230000,  39.10000,  39.59497333333333600000, -104.82682544444444000000
   382,   3.22238761968669700000,  39.10000,  39.59496916666667000000, -104.82662227777777000000
   383,   3.23323450133351000000,  39.80000,  39.59497194444444500000, -104.82641908333333000000
   384,   3.24483912849144040000,  40.40000,  39.59497063888889000000, -104.82620166666666000000
   385,   3.25584462369819000000,  41.60000,  39.59496786111111500000, -104.82599549999999000000
   386,   3.26805830779619700000,  42.30000,  39.59496108333334000000, -104.82576683333333000000
   387,   3.27950765494884600000,  42.30000,  39.59496530555555400000, -104.82555238888888000000
   388,   3.29171239033365200000,  42.30000,  39.59496547222223000000, -104.82532372222222000000
   389,   3.30331701857145840000,  42.30000,  39.59496416666667000000, -104.82510630555555000000
   390,   3.31492164702708920000,  41.60000,  39.59496286111111400000, -104.82488888888888000000
   391,   3.32697272425380140000,  41.60000,  39.59496858333333000000, -104.82466322222221000000
   392,   3.33857736700543900000,  41.00000,  39.59496725000000000000, -104.82444580555556000000
   393,   3.34958286274899000000,  41.00000,  39.59496447222222000000, -104.82423963888888000000
   394,   3.36103225825544200000,  40.40000,  39.59496872222223000000, -104.82402519444445000000
   395,   3.37205650842135400000,  39.10000,  39.59495900000000000000, -104.82381902777777000000
   396,   3.38290339165329400000,  38.50000,  39.59496177777778000000, -104.82361583333333000000
   397,   3.39390740589174000000,  37.90000,  39.59495900000000000000, -104.82340969444444000000
   398,   3.40415254076422400000,  36.70000,  39.59496030555556000000, -104.82321775000000000000
   399,   3.41439765877959370000,  36.00000,  39.59496158333334000000, -104.82302580555555000000
   400,   3.42464131073331220000,  35.40000,  39.59496288888889400000, -104.82283388888888000000
   401,   3.43428560468602130000,  34.20000,  39.59496272222223000000, -104.82265319444444000000
   402,   3.44392989866320230000,  34.20000,  39.59496255555556000000, -104.82247249999999000000
   403,   3.45342134890619650000,  34.20000,  39.59496794444445000000, -104.82229480555556000000
   404,   3.46306564215920900000,  34.80000,  39.59496777777778000000, -104.82211411111110000000
   405,   3.47270845531702600000,  34.80000,  39.59496758333333600000, -104.82193344444444000000
   406,   3.48255008246025350000,  35.40000,  39.59495494444444600000, -104.82174977777777000000
   407,   3.49279520126394300000,  35.40000,  39.59495622222222000000, -104.82155783333333000000
   408,   3.50319875652024100000,  35.40000,  39.59495891666667000000, -104.82136294444445000000
   409,   3.51284305102513800000,  34.80000,  39.59495875000000000000, -104.82118224999999000000
   410,   3.52265392246126160000,  34.20000,  39.59495302777778000000, -104.82099858333333000000
   411,   3.53230920032443270000,  34.20000,  39.59494591666667000000, -104.82081791666667000000
   412,   3.54135374507562500000,  34.20000,  39.59494427777778000000, -104.82064847222222000000
   413,   3.55159888211666750000,  35.40000,  39.59494558333333500000, -104.82045652777778000000
   414,   3.56140827401340100000,  36.70000,  39.59493986111111500000, -104.82027288888888000000
   415,   3.57184028062056670000,  36.70000,  39.59492866666667000000, -104.82007797222222000000
   416,   3.58224779321341420000,  38.50000,  39.59492441666667000000, -104.81988305555555000000
   417,   3.59327205037597700000,  40.40000,  39.59491469444445000000, -104.81967688888888000000
   418,   3.60507347205249900000,  41.60000,  39.59490088888889400000, -104.81945650000000000000
   419,   3.61727821709032900000,  43.50000,  39.59490102777778000000, -104.81922783333333000000
   420,   3.62948296210378670000,  44.70000,  39.59490116666666600000, -104.81899916666666000000
   421,   3.64168770874403470000,  44.70000,  39.59490133333333000000, -104.81877050000000000000
   422,   3.65449338409985400000,  44.10000,  39.59490294444445000000, -104.81853058333333000000
   423,   3.66729905915837140000,  43.50000,  39.59490455555556000000, -104.81829066666667000000
   424,   3.67950380355207600000,  43.50000,  39.59490469444444500000, -104.81806200000000000000
   425,   3.69171749872728100000,  43.50000,  39.59489791666667000000, -104.81783333333333000000
   426,   3.70392224428533500000,  43.50000,  39.59489805555556000000, -104.81760466666667000000
   427,   3.71613594062471540000,  43.50000,  39.59489127777778000000, -104.81737600000000000000
   428,   3.72834068734915470000,  44.10000,  39.59489141666667000000, -104.81714733333332000000
   429,   3.74055445837006230000,  44.70000,  39.59488461111111000000, -104.81691866666667000000
   430,   3.75336494012879430000,  45.40000,  39.59487927777778000000, -104.81667875000000000000
   431,   3.76602115975647300000,  46.00000,  39.59488644444445000000, -104.81644180555556000000
   432,   3.77883164117712100000,  46.60000,  39.59488111111111400000, -104.81620188888888000000
   433,   3.79223897736436900000,  47.20000,  39.59488419444445000000, -104.81595072222223000000
   434,   3.80564727228378840000,  47.80000,  39.59488033333333600000, -104.81569955555555000000
   435,   3.81890768265070470000,  47.80000,  39.59488897222222000000, -104.81545136111110000000
   436,   3.83231498705827500000,  47.80000,  39.59489202777778000000, -104.81520019444444000000
   437,   3.84572476277327500000,  47.80000,  39.59488816666667000000, -104.81494900000000000000
   438,   3.85929012077578300000,  47.80000,  39.59488569444445000000, -104.81469486111111000000
   439,   3.87269745608038000000,  48.50000,  39.59488877777778000000, -104.81444369444444000000
   440,   3.88626281396371300000,  48.50000,  39.59488630555555500000, -104.81418955555556000000
   441,   3.89968620093044650000,  48.50000,  39.59489630555556000000, -104.81393838888889000000
   442,   3.91325303982620380000,  48.50000,  39.59489383333334000000, -104.81368422222222000000
   443,   3.92666037356152600000,  47.80000,  39.59489691666667000000, -104.81343305555555000000
   444,   3.94022572985829700000,  46.60000,  39.59489444444445000000, -104.81317891666666000000
   445,   3.95303138999437800000,  46.00000,  39.59489602777778000000, -104.81293900000000000000
   446,   3.96601685924680770000,  46.00000,  39.59488516666667000000, -104.81269611111111000000
   447,   3.97822160704297860000,  45.40000,  39.59488530555556000000, -104.81246744444444000000
   448,   3.99102726886165370000,  45.40000,  39.59488688888889400000, -104.81222752777778000000
   449,   4.00339777915403100000,  44.70000,  39.59488147222223000000, -104.81199586111111000000
   450,   4.01561155192009200000,  44.10000,  39.59487466666667000000, -104.81176719444444000000
   451,   4.02798052471296850000,  44.10000,  39.59486927777778000000, -104.81153555555555000000
   452,   4.04019429961668600000,  44.10000,  39.59486247222222500000, -104.81130688888888000000
   453,   4.05256333232628000000,  44.10000,  39.59485705555556000000, -104.81107525000000000000
   454,   4.06537387434347300000,  44.70000,  39.59485169444444000000, -104.81083533333333000000
   455,   4.07757862801352560000,  44.70000,  39.59485183333334000000, -104.81060666666666000000
   456,   4.08994766261347100000,  45.40000,  39.59484641666667000000, -104.81037502777778000000
   457,   4.10275334808008900000,  45.40000,  39.59484802777778000000, -104.81013511111111000000
   458,   4.11572008552680700000,  46.00000,  39.59484405555555500000, -104.80989222222222000000
   459,   4.12852577142678600000,  46.60000,  39.59484566666667000000, -104.80965230555556000000
   460,   4.14151284088914900000,  46.60000,  39.59483477777778000000, -104.80940938888888000000
   461,   4.15492015574152400000,  47.20000,  39.59483783333334000000, -104.80915822222222000000
   462,   4.16788685472669100000,  47.80000,  39.59483388888889000000, -104.80891533333333000000
   463,   4.18146669983364100000,  48.50000,  39.59482447222222000000, -104.80866119444444000000
   464,   4.19503209448988500000,  47.80000,  39.59482197222223000000, -104.80840705555555000000
   465,   4.20859894788422000000,  47.20000,  39.59481950000000000000, -104.80815288888888000000
   466,   4.22140462181780100000,  47.20000,  39.59482108333333600000, -104.80791297222223000000
   467,   4.23497001713561600000,  47.20000,  39.59481858333333500000, -104.80765883333333000000
   468,   4.24793671970816700000,  46.60000,  39.59481463888889000000, -104.80741594444444000000
   469,   4.26074726953171200000,  46.60000,  39.59480927777778000000, -104.80717602777777000000
   470,   4.27431264291894200000,  46.60000,  39.59480680555556000000, -104.80692188888888000000
   471,   4.28713284149606300000,  45.40000,  39.59481533333334000000, -104.80668194444443000000
   472,   4.29950188258144700000,  44.70000,  39.59480991666667000000, -104.80645030555556000000
   473,   4.31230755828078700000,  44.70000,  39.59481150000000600000, -104.80621038888889000000
   474,   4.32451231765274600000,  44.70000,  39.59481161111111000000, -104.80598172222221000000
   475,   4.33688135939949100000,  44.10000,  39.59480619444444500000, -104.80575008333334000000
   476,   4.34909514536565900000,  43.50000,  39.59479938888889400000, -104.80552141666666000000
   477,   4.36146424733198200000,  43.50000,  39.59479394444445000000, -104.80528977777777000000
   478,   4.37366901113561800000,  43.50000,  39.59479408333333000000, -104.80506111111112000000
   479,   4.38587377356462100000,  44.10000,  39.59479419444445000000, -104.80483244444444000000
   480,   4.39824287645393050000,  44.10000,  39.59478875000000000000, -104.80460080555555000000
   481,   4.41044764116979300000,  44.10000,  39.59478888888889000000, -104.80437213888888000000
   482,   4.42281674500111200000,  44.70000,  39.59478344444444500000, -104.80414050000000000000
   483,   4.43503120889700900000,  44.70000,  39.59479050000000000000, -104.80391183333333000000
   484,   4.44799791670309200000,  44.70000,  39.59478655555556000000, -104.80366894444444000000
   485,   4.46036702094899250000,  44.70000,  39.59478111111111000000, -104.80343730555555000000
   486,   4.47257178565374700000,  45.40000,  39.59478122222222400000, -104.80320863888889000000
   487,   4.48553849518880900000,  45.40000,  39.59477727777778000000, -104.80296575000000000000
   488,   4.49850524582030250000,  46.00000,  39.59477330555555600000, -104.80272286111110000000
   489,   4.51087435242047350000,  46.00000,  39.59476786111111600000, -104.80249122222222000000
   490,   4.52384106444546850000,  45.40000,  39.59476391666667000000, -104.80224833333332000000
   491,   4.53680929983560900000,  45.40000,  39.59475994444445000000, -104.80200541666666000000
   492,   4.54979501613700150000,  45.40000,  39.59474902777778000000, -104.80176252777777000000
   493,   4.56056666630479100000,  42.30000,  39.59473363888889000000, -104.80156169444444000000
   494,   4.57233921940278200000,  42.30000,  39.59472675000000000000, -104.80134130555555000000
   495,   4.58334673858553550000,  42.30000,  39.59473086111112000000, -104.80113513888888000000
   496,   4.59495744696460300000,  41.00000,  39.59473644444445000000, -104.80091772222222000000
   497,   4.60596501415562800000,  39.10000,  39.59474058333333000000, -104.80071155555555000000
   498,   4.61654882647144200000,  36.70000,  39.59473075000000400000, -104.80051366666666000000
   499,   4.62635832592870800000,  34.80000,  39.59472500000000400000, -104.80033002777778000000
   500,   4.63613377406309400000,  33.60000,  39.59469280555556000000, -104.80015166666666000000
   501,   4.64511189211653100000,  31.70000,  39.59464380555555600000, -104.79999583333333000000
   502,   4.65389621489767000000,  31.10000,  39.59457244444444500000, -104.79985952777777000000
   503,   4.66287701990156000000,  31.10000,  39.59447872222223000000, -104.79974275000000000000
   504,   4.67161699956439700000,  31.10000,  39.59437513888889000000, -104.79964847222222000000
   505,   4.68059272670241700000,  31.70000,  39.59425466666667000000, -104.79958497222222000000
   506,   4.68949815347727750000,  31.70000,  39.59413133333334000000, -104.79953572222222000000
   507,   4.69841401977448200000,  32.90000,  39.59400213888889000000, -104.79953147222221000000
   508,   4.70853338691103300000,  33.60000,  39.59385613888889000000, -104.79954972222222000000
   509,   4.71803346398288500000,  34.20000,  39.59372516666667000000, -104.79960469444444000000
   510,   4.72787561539499300000,  34.80000,  39.59359680555555600000, -104.79968516666666000000
   511,   4.73806272739700950000,  34.80000,  39.59348208333333500000, -104.79980533333332000000
   512,   4.74786210285468200000,  35.40000,  39.59338530555556000000, -104.79993972222222000000
   513,   4.75815241107935400000,  34.80000,  39.59330919444444400000, -104.80010552777777000000
   514,   4.76841633202112100000,  34.20000,  39.59326355555556000000, -104.80028855555555000000
   515,   4.77854571247869800000,  34.20000,  39.59324980555556000000, -104.80047750000000000000
   516,   4.78835690107679200000,  34.20000,  39.59325555555556000000, -104.80066116666666000000
   517,   4.79799924638097200000,  33.60000,  39.59328913888889000000, -104.80083652777778000000
   518,   4.80797521560823300000,  33.60000,  39.59334913888889000000, -104.80100658333333000000
   519,   4.81746980840353900000,  33.60000,  39.59342597222223000000, -104.80115416666666000000
   520,   4.82752526502804450000,  34.20000,  39.59353072222222600000, -104.80128516666666000000
   521,   4.83732607665969000000,  34.80000,  39.59364533333333500000, -104.80139366666667000000
   522,   4.84831380005737700000,  36.00000,  39.59378783333334000000, -104.80148561111110000000
   523,   4.85916801922460300000,  37.30000,  39.59393322222222600000, -104.80156333333333000000
   524,   4.87043470313740650000,  38.50000,  39.59408413888889000000, -104.80164400000000000000
   525,   4.88211675559110200000,  39.80000,  39.59424061111111000000, -104.80172766666666000000
   526,   4.89438231275782200000,  41.00000,  39.59440252777778000000, -104.80182258333333000000
   527,   4.90664961062301700000,  42.90000,  39.59456447222222400000, -104.80191750000000000000
   528,   4.91919049781593400000,  44.10000,  39.59473344444444400000, -104.80200413888889000000
   529,   4.93176149031872500000,  44.70000,  39.59490377777778000000, -104.80208780555556000000
   530,   4.94485620584837300000,  45.40000,  39.59507680555556000000, -104.80218866666667000000
   531,   4.95784182350278400000,  45.40000,  39.59525269444445000000, -104.80227530555555000000
   532,   4.97096229833812300000,  46.00000,  39.59542713888889400000, -104.80237322222222000000
   533,   4.98436255107978100000,  47.20000,  39.59560858333334000000, -104.80246283333334000000
   534,   4.99789541209983900000,  49.10000,  39.59578855555556000000, -104.80256369444444000000
   535,   5.01184301577451700000,  50.30000,  39.59597408333334000000, -104.80266752777777000000
   536,   5.02664512591877250000,  51.60000,  39.59617208333333600000, -104.80277436111110000000
   537,   5.04103362602948900000,  53.40000,  39.59636455555556000000, -104.80287819444445000000
   538,   5.05642083546984300000,  54.10000,  39.59656802777778000000, -104.80299627777778000000
   539,   5.07208039478122600000,  54.70000,  39.59677852777778000000, -104.80310605555556000000
   540,   5.08746758977145400000,  55.30000,  39.59698200000000400000, -104.80322413888888000000
   541,   5.10329246476292200000,  55.90000,  39.59719241666667000000, -104.80334219444444000000
   542,   5.11884580054321100000,  55.90000,  39.59739444444445000000, -104.80347152777777000000
   543,   5.13467125194527000000,  56.50000,  39.59760486111111500000, -104.80358961111111000000
   544,   5.15049610589987500000,  56.50000,  39.59781527777778400000, -104.80370766666667000000
   545,   5.16632154308071500000,  56.50000,  39.59802569444444500000, -104.80382575000000000000
   546,   5.18300234956637150000,  57.20000,  39.59824861111111000000, -104.80394680555555000000
   547,   5.19869243507747750000,  57.20000,  39.59846050000000000000, -104.80405361111112000000
   548,   5.21451785045552000000,  57.20000,  39.59867091666667000000, -104.80417169444443000000
   549,   5.23075800056913100000,  57.80000,  39.59888688888889000000, -104.80429275000000000000
   550,   5.24702398290005500000,  57.80000,  39.59910425000000000000, -104.80441083333334000000
   551,   5.26284937652570100000,  57.20000,  39.59931466666667000000, -104.80452891666667000000
   552,   5.27883163435698000000,  55.90000,  39.59952361111112000000, -104.80465825000000000000
   553,   5.29424227585924500000,  54.70000,  39.59972847222222500000, -104.80477336111110000000
   554,   5.30963111615063100000,  54.10000,  39.59993197222222000000, -104.80489144444444000000
   555,   5.32446101140076600000,  52.80000,  39.60013136111111000000, -104.80499527777778000000
   556,   5.33858524821070000000,  51.60000,  39.60031680555556000000, -104.80510741666666000000
   557,   5.35300268307777700000,  50.30000,  39.60051066666666500000, -104.80520830555555000000
   558,   5.36653599254215500000,  49.10000,  39.60069063888889000000, -104.80530919444445000000
   559,   5.38066021007399900000,  48.50000,  39.60087608333333000000, -104.80542133333333000000
   560,   5.39377817907262450000,  48.50000,  39.60105050000000000000, -104.80551922222222000000
   561,   5.40689673364021400000,  47.80000,  39.60122491666666600000, -104.80561713888889000000
   562,   5.42001528331775300000,  47.20000,  39.60139933333333000000, -104.80571505555555000000
   563,   5.43313558588603100000,  46.00000,  39.60157377777778000000, -104.80581297222221000000
   564,   5.44625353533883700000,  45.40000,  39.60174819444445000000, -104.80591086111110000000
   565,   5.45837827212107400000,  46.00000,  39.60191158333333000000, -104.80599455555556000000
   566,   5.47149680255032140000,  46.60000,  39.60208600000000000000, -104.80609247222222000000
   567,   5.48417907011297900000,  47.20000,  39.60225350000000000000, -104.80619038888888000000
   568,   5.49773780314354400000,  47.20000,  39.60243486111111400000, -104.80628827777778000000
   569,   5.51085631890451400000,  47.80000,  39.60260927777778000000, -104.80638619444444000000
   570,   5.52425693897986600000,  47.20000,  39.60279072222222400000, -104.80647583333334000000
   571,   5.53724291700225200000,  47.20000,  39.60296661111111400000, -104.80656250000000000000
   572,   5.55067764782191100000,  47.20000,  39.60314944444445000000, -104.80664916666666000000
   573,   5.56366361804781650000,  46.60000,  39.60332533333334000000, -104.80673583333333000000
   574,   5.57664905654408600000,  46.00000,  39.60350122222222000000, -104.80682247222222000000
   575,   5.58866178646864000000,  44.70000,  39.60366608333334000000, -104.80689491666666000000
   576,   5.60164774546493900000,  44.10000,  39.60384197222222000000, -104.80698158333333000000
   577,   5.61377421810315450000,  43.50000,  39.60400538888889000000, -104.80706527777778000000
   578,   5.62533387161286600000,  42.90000,  39.60416330555556000000, -104.80713769444444000000
   579,   5.63746033722847700000,  42.30000,  39.60432672222222500000, -104.80722138888889000000
   580,   5.64958501765519800000,  42.30000,  39.60449011111111000000, -104.80730508333333000000
   581,   5.66126739928400300000,  42.90000,  39.60464658333333400000, -104.80738877777777000000
   582,   5.67294800658787400000,  42.90000,  39.60480302777778000000, -104.80747247222222000000
   583,   5.68521562202946400000,  42.30000,  39.60496497222223000000, -104.80756741666666000000
   584,   5.69648262977130850000,  41.60000,  39.60511588888889000000, -104.80764811111110000000
   585,   5.70860729295011500000,  41.00000,  39.60527927777778000000, -104.80773180555555000000
   586,   5.71987486042177100000,  40.40000,  39.60543019444444500000, -104.80781252777777000000
   587,   5.73070303733612800000,  39.10000,  39.60557419444444000000, -104.80789324999999000000
   588,   5.74196882755508100000,  37.90000,  39.60572508333333000000, -104.80797397222221000000
   589,   5.75180440596120500000,  35.40000,  39.60585805555556000000, -104.80804044444444000000
   590,   5.76122583832358000000,  31.10000,  39.60598547222222000000, -104.80810397222221000000
   591,   5.76880705938882700000,  26.10000,  39.60608936111111000000, -104.80815027777777000000
   592,   5.77507675562208000000,  21.70000,  39.60617383333334000000, -104.80819361111111000000
   593,   5.78037642062591850000,  18.60000,  39.60624727777777600000, -104.80822272222223000000
   594,   5.78526885636847600000,  16.80000,  39.60631813888889000000, -104.80822633333334000000
   595,   5.79011786790299100000,  16.80000,  39.60638636111111000000, -104.80820447222222000000
   596,   5.79448968458512950000,  16.20000,  39.60643808333334000000, -104.80815713888889000000
   597,   5.79953005036023050000,  16.80000,  39.60648166666667000000, -104.80808133333333000000
   598,   5.80464893405713200000,  18.60000,  39.60650727777778000000, -104.80799130555555000000
   599,   5.81055015848560800000,  21.10000,  39.60653575000000000000, -104.80788702777778000000
   600,   5.81752258758923900000,  23.60000,  39.60656019444445000000, -104.80776025000000000000
   601,   5.82517730605772300000,  26.10000,  39.60658058333333000000, -104.80761925000000000000
   602,   5.83288405197119600000,  28.00000,  39.60661344444445000000, -104.80748122222222000000
   603,   5.84114759212826900000,  28.60000,  39.60663530555556000000, -104.80732897222222000000
   604,   5.84951138725960900000,  28.60000,  39.60666408333333500000, -104.80717672222222000000
   605,   5.85777457206173900000,  28.60000,  39.60668591666667000000, -104.80702447222222000000
   606,   5.86621179094270300000,  29.20000,  39.60670916666667000000, -104.80686924999999000000
   607,   5.87447642807975600000,  29.80000,  39.60673100000000000000, -104.80671697222222000000
   608,   5.88273995473441700000,  29.80000,  39.60675286111111000000, -104.80656472222222000000
   609,   5.89110373652916500000,  29.20000,  39.60678163888889000000, -104.80641247222222000000
   610,   5.89936690782820800000,  28.60000,  39.60680347222222500000, -104.80626022222222000000
   611,   5.90702160042597150000,  28.00000,  39.60682386111111000000, -104.80611922222222000000
   612,   5.91467629085488900000,  27.30000,  39.60684425000000000000, -104.80597822222222000000
   613,   5.92225592173750800000,  28.00000,  39.60687016666667000000, -104.80584019444444000000
   614,   5.93051908286795400000,  28.60000,  39.60689200000000000000, -104.80568794444444000000
   615,   5.93870665711410400000,  29.20000,  39.60691941666667000000, -104.80553866666666000000
   616,   5.94701886088438100000,  29.80000,  39.60695375000000000000, -104.80538936111111000000
   617,   5.95538261988863000000,  30.40000,  39.60698252777778000000, -104.80523711111111000000
   618,   5.96429756574639500000,  31.70000,  39.60701830555555600000, -104.80507658333333000000
   619,   5.97321303814237700000,  32.30000,  39.60705411111111000000, -104.80491605555555000000
   620,   5.98279322462654900000,  32.30000,  39.60708583333333600000, -104.80474127777778000000
   621,   5.99170868903516800000,  32.30000,  39.60712163888889000000, -104.80458075000000000000
   622,   6.00068127441688050000,  31.10000,  39.60715188888889000000, -104.80441722222221000000
   623,   6.00947561257520800000,  30.40000,  39.60718072222222500000, -104.80425669444445000000
   624,   6.01783980093368300000,  29.80000,  39.60720952777777600000, -104.80410444444445000000
   625,   6.02602689730680200000,  29.20000,  39.60723691666666500000, -104.80395516666667000000
   626,   6.03439206415962700000,  28.60000,  39.60726569444444000000, -104.80380288888888000000
   627,   6.04257915427450300000,  28.60000,  39.60729308333333000000, -104.80365361111110000000
   628,   6.05028582811903000000,  28.00000,  39.60732594444445000000, -104.80351558333334000000
   629,   6.05794011323762900000,  26.70000,  39.60734630555556000000, -104.80337458333334000000
   630,   6.06491292961648600000,  24.20000,  39.60737077777778000000, -104.80324780555556000000
   631,   6.07127884545761800000,  21.10000,  39.60739377777778000000, -104.80313227777778000000
   632,   6.07643093297145500000,  17.40000,  39.60741383333333000000, -104.80303927777777000000
   633,   6.08019974830267350000,  13.70000,  39.60741708333333000000, -104.80296877777778000000
   634,   6.08341829705683600000,   9.90000,  39.60742580555556000000, -104.80290952777777000000
   635,   6.08602813034382700000,   8.10000,  39.60743305555556000000, -104.80286152777778000000
   636,   6.08798941525205300000,   7.50000,  39.60743188888889000000, -104.80282480555556000000
   637,   6.09002827740578500000,   8.70000,  39.60742380555555500000, -104.80278805555555000000
   638,   6.09256439517697200000,   9.30000,  39.60739622222222000000, -104.80275663888888000000
