92056   
134,   0.27822238589008513000,  12.40000,  39.61428011111111400000, -104.81500774999999000000
   135,   0.28311107568421673000,  16.80000,  39.61421219444445000000, -104.81498161111111000000
   136,   0.28808979895654196000,  18.60000,  39.61414713888889000000, -104.81494122222222000000
   137,   0.29420441508026574000,  20.50000,  39.61407955555555600000, -104.81486708333333000000
   138,   0.30003082094353994000,  22.40000,  39.61401050000000000000, -104.81480422222222000000
   139,   0.30721657928741986000,  25.50000,  39.61393191666666500000, -104.81471583333332000000
   140,   0.31479726085898740000,  28.00000,  39.61384775000000000000, -104.81462450000000000000
   141,   0.32343911884781020000,  31.10000,  39.61376100000000400000, -104.81450766666666000000
   142,   0.33241942349757375000,  32.30000,  39.61366730555556000000, -104.81439083333333000000
   143,   0.34140111337748830000,  32.90000,  39.61357358333333400000, -104.81427400000000000000
   144,   0.35112432100038830000,  34.20000,  39.61346738888889000000, -104.81415419444444000000
   145,   0.36084609107973464000,  34.80000,  39.61336122222222400000, -104.81403438888889000000
   146,   0.37090086324879630000,  35.40000,  39.61325650000000000000, -104.81390333333333000000
   147,   0.38062408974356910000,  36.00000,  39.61315030555556000000, -104.81378352777777000000
   148,   0.39067887648275250000,  36.70000,  39.61304558333333000000, -104.81365247222222000000
   149,   0.40147454601431004000,  37.30000,  39.61292836111111000000, -104.81351844444444000000
   150,   0.41187892720827024000,  37.90000,  39.61281669444445000000, -104.81338738888888000000
   151,   0.42298841076590600000,  39.10000,  39.61270797222222500000, -104.81323380555556000000
   152,   0.43411634880474104000,  40.40000,  39.61259225000000000000, -104.81308852777778000000
   153,   0.44593692179657207000,  41.60000,  39.61247102777778000000, -104.81293197222222000000
   154,   0.45813937721212294000,  42.90000,  39.61234427777778000000, -104.81277247222222000000
   155,   0.47030363878140985000,  44.10000,  39.61221611111111000000, -104.81261591666666000000
   156,   0.48319747730480295000,  45.40000,  39.61208388888889000000, -104.81244513888889000000
   157,   0.49609132793319816000,  46.00000,  39.61195166666667000000, -104.81227436111111000000
   158,   0.50932882967608570000,  46.60000,  39.61181247222222600000, -104.81210361111111000000
   159,   0.52256597405577450000,  46.60000,  39.61167330555555600000, -104.81193283333333000000
   160,   0.53545986227096690000,  47.20000,  39.61154108333333600000, -104.81176205555555000000
   161,   0.54869703081871310000,  47.20000,  39.61140191666666500000, -104.81159127777778000000
   162,   0.56199691234857370000,  47.80000,  39.61125572222222500000, -104.81142880555555000000
   163,   0.57569241042494700000,  47.80000,  39.61110397222222400000, -104.81126333333333000000
   164,   0.58871259859279610000,  47.20000,  39.61095772222222400000, -104.81110911111111000000
   165,   0.60222149961079170000,  48.50000,  39.61079611111111400000, -104.81096616666666000000
   166,   0.61630592299351430000,  48.50000,  39.61062052777777600000, -104.81083149999999000000
   167,   0.63080352917027270000,  49.70000,  39.61043802777778000000, -104.81069680555555000000
   168,   0.64449560152880820000,  50.30000,  39.61025952777778000000, -104.81058463888888000000
   169,   0.65820513854021600000,  49.10000,  39.61007963888889000000, -104.81047547222222000000
   170,   0.67220631993689060000,  49.70000,  39.60989136111111000000, -104.81037752777777000000
   171,   0.68618078479514520000,  50.30000,  39.60970444444444600000, -104.81027661111110000000
   172,   0.70115353733239100000,  51.60000,  39.60950652777778000000, -104.81016147222222000000
   173,   0.71639905764420810000,  52.80000,  39.60930158333333400000, -104.81005461111111000000
   174,   0.73120135263865120000,  52.80000,  39.60910358333334000000, -104.80994774999999000000
   175,   0.74632773166078860000,  53.40000,  39.60889716666666500000, -104.80985216666666000000
   176,   0.76201860803890430000,  53.40000,  39.60868527777778000000, -104.80974530555555000000
   177,   0.77853712860357880000,  54.10000,  39.60846230555555500000, -104.80963249999999000000
   178,   0.79422801692370510000,  54.70000,  39.60825041666667000000, -104.80952563888889000000
   179,   0.80988835057433800000,  54.70000,  39.60803991666667000000, -104.80941580555556000000
   180,   0.82513391256558160000,  55.30000,  39.60783497222222000000, -104.80930894444444000000
   181,   0.84037948038135730000,  55.30000,  39.60763002777778000000, -104.80920208333333000000
   182,   0.85606806752875130000,  55.90000,  39.60741816666667000000, -104.80909525000000000000
   183,   0.87175898452240150000,  55.90000,  39.60720627777778000000, -104.80898838888889000000
   184,   0.88758470177451480000,  56.50000,  39.60699586111111000000, -104.80887027777777000000
   185,   0.90327509170013130000,  56.50000,  39.60678397222222500000, -104.80876344444444000000
   186,   0.91896424079970930000,  57.20000,  39.60657211111111000000, -104.80865658333333000000
   187,   0.93478997949238260000,  57.20000,  39.60636169444444500000, -104.80853847222222000000
   188,   0.95089563674207380000,  57.80000,  39.60614425000000000000, -104.80842863888888000000
   189,   0.96716138867367850000,  57.80000,  39.60592688888889000000, -104.80831055555555000000
   190,   0.98285056131154750000,  57.20000,  39.60571502777778000000, -104.80820369444444000000
   191,   0.99909047515504030000,  56.50000,  39.60549905555555500000, -104.80808263888889000000
   192,   1.01478144484697070000,  55.30000,  39.60528716666667000000, -104.80797577777777000000
   193,   1.02961175186651530000,  54.10000,  39.60508777777777600000, -104.80787191666667000000
   194,   1.04444261846710380000,  53.40000,  39.60488838888889000000, -104.80776802777777000000
   195,   1.05927293648944660000,  52.80000,  39.60468900000000000000, -104.80766416666667000000
   196,   1.07381140897370280000,  51.60000,  39.60449800000000000000, -104.80754905555555000000
   197,   1.08820081870012600000,  50.30000,  39.60430552777778000000, -104.80744516666667000000
   198,   1.10189246216135700000,  49.10000,  39.60412702777778000000, -104.80733302777777000000
   199,   1.11501093537762940000,  47.20000,  39.60395261111111000000, -104.80723511111111000000
   200,   1.12812941348341030000,  46.00000,  39.60377819444444500000, -104.80713719444444000000
   201,   1.14037669494176600000,  42.90000,  39.60361763888889000000, -104.80703927777778000000
   202,   1.15208664582446830000,  40.40000,  39.60345980555556000000, -104.80695855555555000000
   203,   1.16249954374054650000,  37.30000,  39.60332136111111400000, -104.80688083333332000000
   204,   1.17247370274798480000,  33.60000,  39.60318988888889000000, -104.80680308333334000000
   205,   1.18103626203955850000,  29.20000,  39.60307494444444400000, -104.80674255555556000000
   206,   1.18858080923028760000,  25.50000,  39.60297244444445000000, -104.80669327777777000000
   207,   1.19485054174439260000,  21.10000,  39.60288797222223000000, -104.80664994444444000000
   208,   1.19982876750586300000,  17.40000,  39.60282291666667000000, -104.80660958333333000000
   209,   1.20384638767793700000,  13.70000,  39.60276750000000000000, -104.80658644444445000000
   210,   1.20741166571170040000,  10.60000,  39.60271902777778000000, -104.80656327777777000000
   211,   1.21004026762659360000,   8.10000,  39.60268155555555600000, -104.80655436111111000000
   212,   1.21149238719282560000,   4.30000,  39.60266361111111000000, -104.80654013888889000000
   213,   1.21190718557639120000,   2.50000,  39.60265805555556000000, -104.80653716666666000000
   214,   1.21480501978402700000,   0.00000,  39.60269975000000000000, -104.80654375000000000000
   215,   1.21480501978402700000,   0.00000,  39.60269975000000000000, -104.80654375000000000000
   216,   1.21480501978402700000,   0.00000,  39.60269975000000000000, -104.80654375000000000000
   217,   1.21480501978402700000,   0.00000,  39.60269975000000000000, -104.80654375000000000000
   218,   1.21480501978402700000,   0.00000,  39.60269975000000000000, -104.80654375000000000000
   219,   1.21480501978402700000,   0.00000,  39.60269975000000000000, -104.80654375000000000000
   220,   1.21480501978402700000,   0.00000,  39.60269975000000000000, -104.80654375000000000000
   221,   1.21480501978402700000,   0.00000,  39.60269975000000000000, -104.80654375000000000000
   222,   1.21480501978402700000,   0.00000,  39.60269975000000000000, -104.80654375000000000000
   223,   1.21480501978402700000,   0.00000,  39.60269975000000000000, -104.80654375000000000000
   224,   1.21480501978402700000,   0.00000,  39.60269975000000000000, -104.80654375000000000000
   225,   1.21480501978402700000,   0.00000,  39.60269975000000000000, -104.80654375000000000000
   226,   1.21480501978402700000,   0.00000,  39.60269975000000000000, -104.80654375000000000000
   227,   1.21480501978402700000,   0.00000,  39.60269975000000000000, -104.80654375000000000000
   228,   1.21480501978402700000,   0.00000,  39.60269975000000000000, -104.80654375000000000000
   229,   1.21480501978402700000,   0.00000,  39.60269975000000000000, -104.80654375000000000000
   230,   1.21480501978402700000,   0.00000,  39.60269975000000000000, -104.80654375000000000000
   231,   1.21480501978402700000,   0.00000,  39.60269975000000000000, -104.80654375000000000000
   232,   1.21480501978402700000,   0.00000,  39.60269975000000000000, -104.80654375000000000000
   233,   1.21480501978402700000,   0.00000,  39.60269975000000000000, -104.80654375000000000000
   234,   1.21480501978402700000,   0.00000,  39.60269975000000000000, -104.80654375000000000000
   235,   1.21480501978402700000,   0.00000,  39.60269975000000000000, -104.80654375000000000000
   236,   1.21480501978402700000,   0.00000,  39.60269975000000000000, -104.80654375000000000000
   237,   1.21480501978402700000,   0.00000,  39.60269975000000000000, -104.80654375000000000000
   238,   1.21480501978402700000,   0.00000,  39.60269975000000000000, -104.80654375000000000000
   239,   1.21480501978402700000,   0.00000,  39.60269975000000000000, -104.80654375000000000000
   240,   1.21480501978402700000,   0.00000,  39.60269975000000000000, -104.80654375000000000000
   241,   1.21480501978402700000,   0.00000,  39.60269975000000000000, -104.80654375000000000000
   242,   1.21480501978402700000,   0.00000,  39.60269975000000000000, -104.80654375000000000000
   243,   1.21480501978402700000,   0.00000,  39.60269975000000000000, -104.80654375000000000000
   244,   1.21480501978402700000,   0.00000,  39.60269975000000000000, -104.80654375000000000000
   245,   1.21480501978402700000,   0.00000,  39.60269975000000000000, -104.80654375000000000000
   246,   1.21480501978402700000,   2.50000,  39.60269975000000000000, -104.80654375000000000000
   247,   1.21625877334165190000,   6.20000,  39.60268177777778000000, -104.80652952777777000000
   248,   1.21896378088864150000,  11.20000,  39.60264580555555400000, -104.80650936111111000000
   249,   1.22269200936829780000,  13.70000,  39.60259877777778000000, -104.80647494444445000000
   250,   1.22684215046003620000,  16.20000,  39.60254483333333000000, -104.80644052777778000000
   251,   1.23152644477978310000,  18.60000,  39.60249519444444400000, -104.80638063888888000000
   252,   1.23717854659282440000,  18.60000,  39.60245691666667000000, -104.80628700000000000000
   253,   1.24206264284028990000,  19.90000,  39.60243666666667000000, -104.80619930555555000000
   254,   1.24820288124819110000,  20.50000,  39.60242072222222000000, -104.80608611111111000000
   255,   1.25926564631572410000,  17.40000,  39.60240402777778000000, -104.80587994444444000000
   256,   1.26378742788352620000,  15.50000,  39.60240319444445000000, -104.80579522222222000000
   257,   1.26800112197002850000,  13.00000,  39.60243836111111000000, -104.80573066666666000000
   258,   1.27134238287966700000,  11.20000,  39.60245958333333500000, -104.80567438888889000000
   259,   1.27366512508966160000,   9.90000,  39.60248338888889000000, -104.80564361111111000000
   260,   1.27830672980390800000,  13.70000,  39.60255016666667000000, -104.80563300000000000000
   261,   1.28331164711525770000,  17.40000,  39.60262247222222000000, -104.80562536111111000000
   262,   1.28868897636823320000,  18.60000,  39.60270033333334000000, -104.80562069444444000000
   263,   1.29502164026140520000,  21.10000,  39.60279205555555400000, -104.80561605555555000000
   264,   1.30135436236787980000,  23.60000,  39.60288377777778000000, -104.80561138888889000000
   265,   1.30892812703322510000,  25.50000,  39.60299355555556000000, -104.80561266666666000000
   266,   1.31625238990049400000,  26.70000,  39.60309925000000000000, -104.80559975000000000000
   267,   1.32405196908129890000,  26.70000,  39.60321186111111000000, -104.80558680555555000000
   268,   1.33162573417214420000,  26.70000,  39.60332163888889000000, -104.80558808333333000000
   269,   1.33881457262981700000,  27.30000,  39.60342583333333000000, -104.80558638888888000000
   270,   1.34686742266022240000,  27.30000,  39.60354255555555600000, -104.80558769444444000000
   271,   1.35444118818097010000,  27.30000,  39.60365233333333600000, -104.80558897222222000000
   272,   1.36210906442506090000,  27.30000,  39.60376347222223000000, -104.80558730555555000000
   273,   1.36968283023158550000,  27.30000,  39.60387325000000000000, -104.80558858333333000000
   274,   1.37687358557500250000,  27.30000,  39.60397747222222600000, -104.80558688888888000000
   275,   1.38456502599089810000,  27.30000,  39.60408869444444000000, -104.80557694444444000000
   276,   1.39175578159817670000,  26.70000,  39.60419291666667000000, -104.80557525000000000000
   277,   1.39934065344788580000,  26.10000,  39.60430261111111600000, -104.80558480555555000000
   278,   1.40653139082862920000,  25.50000,  39.60440683333333600000, -104.80558313888889000000
   279,   1.41355607949741340000,  24.20000,  39.60450819444445000000, -104.80559566666666000000
   280,   1.42015832582399830000,  24.90000,  39.60460252777778000000, -104.80561650000000000000
   281,   1.42720285512912850000,  24.90000,  39.60470097222222600000, -104.80565155555556000000
   282,   1.43465686087888680000,  25.50000,  39.60479500000000000000, -104.80572036111111000000
   283,   1.44210791481275800000,  25.50000,  39.60488763888889000000, -104.80579213888889000000
   284,   1.44894023841414850000,  25.50000,  39.60495930555556000000, -104.80588050000000000000
   285,   1.45615993629928280000,  24.90000,  39.60503652777778000000, -104.80597180555556000000
   286,   1.46338063112050840000,  24.20000,  39.60511375000000000000, -104.80606313888889000000
   287,   1.47001222039384660000,  23.60000,  39.60519527777778000000, -104.80612897222223000000
   288,   1.47714403205587330000,  23.60000,  39.60529225000000000000, -104.80617527777777000000
   289,   1.48425107787008770000,  23.60000,  39.60539500000000000000, -104.80618486111110000000
   290,   1.49096278526464850000,  24.20000,  39.60549227777778000000, -104.80618316666667000000
   291,   1.49828718858814550000,  23.60000,  39.60559797222222000000, -104.80617022222222000000
   292,   1.50414313849109950000,  21.10000,  39.60568277777778000000, -104.80616555555555000000
   293,   1.51015376021342400000,  20.50000,  39.60576902777778000000, -104.80614963888888000000
   294,   1.51504433936581020000,  18.60000,  39.60583986111111400000, -104.80615327777778000000
   295,   1.51993485993437030000,  17.40000,  39.60591069444445000000, -104.80615688888889000000
   296,   1.52494168852102390000,  16.80000,  39.60598302777778000000, -104.80614925000000000000
   297,   1.52935359621767790000,  17.40000,  39.60604691666667000000, -104.80615288888889000000
   298,   1.53511340582005200000,  18.00000,  39.60613025000000000000, -104.80615947222222000000
   299,   1.54011832449412100000,  19.30000,  39.60620255555555500000, -104.80615183333333000000
   300,   1.54597236028680180000,  19.90000,  39.60628733333333400000, -104.80614716666666000000
   301,   1.55182824792745500000,  21.10000,  39.60637213888889400000, -104.80614252777778000000
   302,   1.55748768541679540000,  19.90000,  39.60645286111111600000, -104.80612363888889000000
   303,   1.56237820643533500000,  16.80000,  39.60652369444445000000, -104.80612725000000000000
   304,   1.56690579469084600000,  14.30000,  39.60658905555556000000, -104.80611961111111000000
   305,   1.57107229652615370000,  11.80000,  39.60664888888889000000, -104.80610899999999000000
   306,   1.57441726192398360000,   8.70000,  39.60669622222222600000, -104.80609541666666000000
   307,   1.57673616181620370000,   6.80000,  39.60672958333333000000, -104.80609011111110000000
   308,   1.57848793270655840000,   6.80000,  39.60675455555555400000, -104.80609605555556000000
   309,   1.58034959167003830000,   8.10000,  39.60677691666667000000, -104.80607652777778000000
   310,   1.58303401046215340000,   9.90000,  39.60680769444445000000, -104.80604575000000000000
   311,   1.58618975705486500000,  13.00000,  39.60682750000000000000, -104.80599244444444000000
   312,   1.59013335841165330000,  14.90000,  39.60684463888889000000, -104.80592194444444000000
   313,   1.59578681017669940000,  18.00000,  39.60685922222222600000, -104.80581769444444000000
   314,   1.60094036231393440000,  19.30000,  39.60687927777778000000, -104.80572466666666000000
   315,   1.60669618379359420000,  21.10000,  39.60688833333334000000, -104.80561744444444000000
   316,   1.61306118275442800000,  23.00000,  39.60689883333333000000, -104.80549894444444000000
   317,   1.62003404135159900000,  24.20000,  39.60692330555555400000, -104.80537216666666000000
   318,   1.62761366409968900000,  25.50000,  39.60694922222223000000, -104.80523413888889000000
   319,   1.63526834119702680000,  26.70000,  39.60696961111111000000, -104.80509313888889000000
   320,   1.64284795918133140000,  28.00000,  39.60699552777778000000, -104.80495511111111000000
   321,   1.65121171344645100000,  29.20000,  39.60702430555555500000, -104.80480286111111000000
   322,   1.65939883045728530000,  29.80000,  39.60705169444444000000, -104.80465358333333000000
   323,   1.66776401832695420000,  31.10000,  39.60708047222222000000, -104.80450130555555000000
   324,   1.67673516705264940000,  31.70000,  39.60711072222222400000, -104.80433780555555000000
   325,   1.68565062851731470000,  32.30000,  39.60714652777778000000, -104.80417727777777000000
   326,   1.69474658364969670000,  31.70000,  39.60718372222222400000, -104.80401375000000000000
   327,   1.70371727418086800000,  31.10000,  39.60721394444444600000, -104.80385025000000000000
   328,   1.71208100366586740000,  29.80000,  39.60724272222222500000, -104.80369800000000000000
   329,   1.72034592898409100000,  29.20000,  39.60726458333333000000, -104.80354572222222000000
   330,   1.72853301922292530000,  26.70000,  39.60729197222222000000, -104.80339644444445000000
   331,   1.73550537697252370000,  24.20000,  39.60731641666667000000, -104.80326966666667000000
   332,   1.74176762965972400000,  21.10000,  39.60733247222222500000, -104.80315416666666000000
   333,   1.74707818848309400000,  18.00000,  39.60734430555556000000, -104.80305583333333000000
   334,   1.75151395423977200000,  13.70000,  39.60735594444444000000, -104.80297408333332000000
   335,   1.75455946202392620000,   9.90000,  39.60736327777778000000, -104.80291780555555000000
   336,   1.75652067118810340000,   6.80000,  39.60736213888889000000, -104.80288108333333000000
   337,   1.75833178115138630000,   6.20000,  39.60735958333333400000, -104.80284730555556000000
   338,   1.76015840018546670000,   5.60000,  39.60736400000000400000, -104.80281355555556000000
   339,   1.76162589139759840000,   7.50000,  39.60734741666667000000, -104.80279633333333000000
