143056
    46,   0.07140871398965654000,   5.00000,  39.61069538888889000000, -104.75225936111111000000
    47,   0.07415018218828348000,  11.20000,  39.61068122222222600000, -104.75230736111111000000
    48,   0.07791870765991234000,  16.80000,  39.61067800000000000000, -104.75237786111111000000
    49,   0.08416143106627062000,  22.40000,  39.61070094444444600000, -104.75249102777778000000
    50,   0.09163237336423821000,  28.60000,  39.61074044444444600000, -104.75262138888888000000
    51,   0.10061152836104868000,  34.20000,  39.61078950000000000000, -104.75277725000000000000
    52,   0.11080936125734374000,  37.90000,  39.61084258333334000000, -104.75295561111110000000
    53,   0.12210468491810503000,  40.40000,  39.61090530555555500000, -104.75315113888890000000
    54,   0.13359260760516514000,  41.60000,  39.61097494444444000000, -104.75334669444445000000
    55,   0.14609316366014610000,  42.90000,  39.61105563888889000000, -104.75355644444444000000
    56,   0.15842933566682804000,  43.50000,  39.61114333333334000000, -104.75375791666667000000
    57,   0.17076678767458330000,  42.90000,  39.61123102777778000000, -104.75395941666666000000
    58,   0.18254991746102920000,  42.30000,  39.61132155555555600000, -104.75414666666667000000
    59,   0.19441888376509212000,  39.80000,  39.61141072222222400000, -104.75433688888889000000
    60,   0.20515893390948510000,  37.30000,  39.61149025000000000000, -104.75450991666666000000
    61,   0.21578406525965843000,  34.80000,  39.61157677777778000000, -104.75467463888889000000
    62,   0.22456799717459480000,  31.10000,  39.61164816666667000000, -104.75481094444444000000
    63,   0.23292237058674697000,  27.30000,  39.61172105555555600000, -104.75493597222223000000
    64,   0.24021441565880086000,  23.00000,  39.61178288888889000000, -104.75504680555555000000
    65,   0.24566570651515063000,  18.60000,  39.61182963888889000000, -104.75512916666666000000
    66,   0.25034256037589286000,  14.30000,  39.61187227777778000000, -104.75519730555555000000
    67,   0.25402524169080970000,  10.60000,  39.61190250000000000000, -104.75525419444445000000
    68,   0.25617442018051850000,   6.80000,  39.61192455555555400000, -104.75528263888889000000
    69,   0.25768638859911536000,   3.70000,  39.61193411111111000000, -104.75530813888889000000
    70,   0.25888336064679535000,   0.00000,  39.61194261111111000000, -104.75528858333334000000
    71,   0.25888336064679535000,   0.00000,  39.61194261111111000000, -104.75528858333334000000
    72,   0.25888336064679535000,   0.00000,  39.61194261111111000000, -104.75528858333334000000
    73,   0.25888336064679535000,   0.00000,  39.61194261111111000000, -104.75528858333334000000
    74,   0.25888336064679535000,   0.00000,  39.61194261111111000000, -104.75528858333334000000
    75,   0.25888336064679535000,   0.00000,  39.61194261111111000000, -104.75528858333334000000
    76,   0.25888336064679535000,   0.00000,  39.61194261111111000000, -104.75528858333334000000
    77,   0.25888336064679535000,   0.00000,  39.61194261111111000000, -104.75528858333334000000
    78,   0.25888336064679535000,   0.00000,  39.61194261111111000000, -104.75528858333334000000
    79,   0.25888336064679535000,   0.00000,  39.61194261111111000000, -104.75528858333334000000
    80,   0.25888336064679535000,   0.00000,  39.61194261111111000000, -104.75528858333334000000
    81,   0.25888336064679535000,   0.00000,  39.61194261111111000000, -104.75528858333334000000
    82,   0.25888336064679535000,   0.00000,  39.61194261111111000000, -104.75528858333334000000
    83,   0.25888336064679535000,   0.00000,  39.61194261111111000000, -104.75528858333334000000
    84,   0.25888336064679535000,   0.00000,  39.61194261111111000000, -104.75528858333334000000
    85,   0.25888336064679535000,   0.00000,  39.61194261111111000000, -104.75528858333334000000
    86,   0.25888336064679535000,   0.00000,  39.61194261111111000000, -104.75528858333334000000
    87,   0.25888336064679535000,   0.00000,  39.61194261111111000000, -104.75528858333334000000
    88,   0.25888336064679535000,   0.00000,  39.61194261111111000000, -104.75528858333334000000
    89,   0.25888336064679535000,   4.30000,  39.61194261111111000000, -104.75528858333334000000
    90,   0.26072470018056265000,  10.60000,  39.61195772222222000000, -104.75531702777778000000
    91,   0.26437884323197264000,  14.30000,  39.61197400000000400000, -104.75538219444445000000
    92,   0.26914961268185900000,  16.80000,  39.61198736111111000000, -104.75546991666667000000
    93,   0.27413178891459844000,  18.00000,  39.61198119444444600000, -104.75556294444445000000
    94,   0.27943101466899606000,  18.60000,  39.61195425000000400000, -104.75565594444444000000
    95,   0.28511623745287400000,  19.90000,  39.61190369444444000000, -104.75574008333334000000
    96,   0.29160170056096174000,  22.40000,  39.61183372222222000000, -104.75582125000000000000
    97,   0.29865579842276710000,  24.90000,  39.61175127777778000000, -104.75589944444444000000
    98,   0.30634036204312780000,  27.30000,  39.61165630555555600000, -104.75597469444445000000
    99,   0.31406337819282000000,  29.80000,  39.61155588888889000000, -104.75603866666667000000
   100,   0.32312528300600200000,  31.70000,  39.61143597222222500000, -104.75610797222222000000
   101,   0.33276611623047725000,  33.60000,  39.61130363888889000000, -104.75616602777778000000
   102,   0.34240828980911087000,  34.80000,  39.61117127777778000000, -104.75622405555555000000
   103,   0.35210585026083085000,  35.40000,  39.61103486111111500000, -104.75626788888889000000
   104,   0.36287356097828050000,  36.70000,  39.61088047222222000000, -104.75629750000000000000
   105,   0.37299336347225410000,  37.30000,  39.61073447222223000000, -104.75631583333333000000
   106,   0.38373175691543800000,  37.90000,  39.61057891666667000000, -104.75630869444444000000
   107,   0.39525477569276124000,  38.50000,  39.61041380555556000000, -104.75627608333333000000
   108,   0.40593003603821504000,  39.10000,  39.61025972222222400000, -104.75625769444444000000
   109,   0.41746157235649317000,  39.80000,  39.61009605555556000000, -104.75621380555556000000
   110,   0.42851123280764540000,  40.40000,  39.60993788888889400000, -104.75618119444445000000
   111,   0.44003614715120260000,  41.00000,  39.60977275000000500000, -104.75614858333333000000
   112,   0.45203298159505667000,  41.60000,  39.60960069444444500000, -104.75611597222222000000
   113,   0.46358180069619154000,  41.00000,  39.60943411111111000000, -104.75609461111111000000
   114,   0.47518642954830254000,  40.40000,  39.60926608333333000000, -104.75608450000000000000
   115,   0.48679297241533170000,  40.40000,  39.60909802777777600000, -104.75607438888889000000
   116,   0.49823442035321214000,  41.00000,  39.60893261111111500000, -104.75608977777777000000
   117,   0.50955245931029130000,  41.00000,  39.60877119444444400000, -104.75612766666667000000
   118,   0.52144621479475770000,  41.60000,  39.60860958333333000000, -104.75620527777778000000
   119,   0.53321676857818360000,  41.60000,  39.60845341666667000000, -104.75629411111112000000
   120,   0.54502734811259600000,  42.30000,  39.60830683333334000000, -104.75640844444445000000
   121,   0.55662555001135900000,  42.30000,  39.60817127777778000000, -104.75653700000000000000
   122,   0.56876755753172960000,  42.30000,  39.60804388888889000000, -104.75669400000000000000
   123,   0.58126783245993670000,  42.90000,  39.60792747222222000000, -104.75687350000000000000
   124,   0.59326799500012960000,  43.50000,  39.60782908333333600000, -104.75705894444444000000
   125,   0.60638319952157560000,  44.10000,  39.60772775000000000000, -104.75726688888889000000
   126,   0.61876106366057570000,  44.70000,  39.60765833333333000000, -104.75748077777777000000
   127,   0.63161797077220920000,  44.70000,  39.60760552777778000000, -104.75771183333333000000
   128,   0.64492638620126690000,  45.40000,  39.60757063888889000000, -104.75795711111111000000
   129,   0.65762710914392180000,  45.40000,  39.60753725000000000000, -104.75819116666666000000
   130,   0.67032672798424090000,  46.00000,  39.60750383333333000000, -104.75842519444444000000
   131,   0.68372968304467840000,  46.00000,  39.60746202777778000000, -104.75867047222222000000
   132,   0.69642896742574300000,  46.60000,  39.60742863888889000000, -104.75890450000000000000
   133,   0.70991089840605260000,  46.60000,  39.60739236111111000000, -104.75915275000000000000
   134,   0.72322046475955140000,  47.20000,  39.60735750000000000000, -104.75939805555555000000
   135,   0.73662344671170800000,  47.80000,  39.60731569444444500000, -104.75964333333333000000
   136,   0.75010504321036390000,  47.80000,  39.60727944444444400000, -104.75989158333333000000
   137,   0.76341497689019850000,  47.80000,  39.60724455555556000000, -104.76013688888890000000
   138,   0.77689658670528850000,  47.20000,  39.60720830555556000000, -104.76038513888889000000
   139,   0.79020472920232230000,  47.20000,  39.60717344444445000000, -104.76063041666667000000
   140,   0.80307794733946510000,  46.60000,  39.60713863888889000000, -104.76086741666667000000
   141,   0.81641533054705040000,  47.20000,  39.60711625000000400000, -104.76111566666667000000
   142,   0.82987179252902410000,  47.20000,  39.60709941666667000000, -104.76136688888889000000
   143,   0.84269086252185880000,  47.20000,  39.60709100000000400000, -104.76160686111110000000
   144,   0.85625758713389730000,  47.20000,  39.60708663888889000000, -104.76186102777778000000
   145,   0.86982362839599760000,  47.20000,  39.60708922222222000000, -104.76211522222222000000
   146,   0.88324723700664040000,  47.20000,  39.60707933333333000000, -104.76236644444444000000
   147,   0.89681179748488990000,  47.20000,  39.60708191666666500000, -104.76262061111112000000
   148,   0.90961813057378270000,  47.20000,  39.60708041666667000000, -104.76286058333334000000
   149,   0.92302596077689180000,  47.20000,  39.60707744444444000000, -104.76311180555555000000
   150,   0.93659052162296560000,  47.20000,  39.60708002777777600000, -104.76336597222222000000
   151,   0.94939685506047860000,  47.20000,  39.60707852777778000000, -104.76360594444445000000
   152,   0.96282046573072850000,  46.60000,  39.60706863888889000000, -104.76385716666667000000
   153,   0.97578652952462700000,  46.60000,  39.60707269444445000000, -104.76410008333333000000
   154,   0.98859287994299530000,  46.00000,  39.60707116666667000000, -104.76434005555555000000
   155,   1.00201649203228430000,  46.00000,  39.60706127777778000000, -104.76459127777778000000
   156,   1.01422058201832630000,  46.00000,  39.60706122222222000000, -104.76481997222223000000
   157,   1.02703965903888730000,  45.40000,  39.60705280555555400000, -104.76505994444445000000
   158,   1.03984453083326240000,  44.70000,  39.60705127777778000000, -104.76529988888889000000
   159,   1.05221459381266880000,  44.10000,  39.60705680555556000000, -104.76553158333333000000
   160,   1.06460706760585680000,  44.70000,  39.60706925000000000000, -104.76576325000000000000
   161,   1.07699953919073080000,  44.70000,  39.60708169444444600000, -104.76599491666667000000
   162,   1.08971230967756700000,  45.40000,  39.60711355555556000000, -104.76622955555555000000
   163,   1.10208622466957130000,  45.40000,  39.60715244444444500000, -104.76645591666667000000
   164,   1.11496707811687970000,  46.00000,  39.60721075000000000000, -104.76668522222222000000
   165,   1.12777197000480120000,  46.00000,  39.60728300000000000000, -104.76690625000000000000
   166,   1.14077083515024810000,  46.00000,  39.60736219444445000000, -104.76712727777777000000
   167,   1.15368519677939620000,  46.00000,  39.60746236111111000000, -104.76733172222222000000
   168,   1.16673057780446650000,  46.00000,  39.60755550000000400000, -104.76754447222223000000
   169,   1.17964491392694450000,  46.60000,  39.60765566666666600000, -104.76774891666666000000
   170,   1.19256048911345070000,  46.60000,  39.60775583333333600000, -104.76795338888888000000
   171,   1.20618294720365740000,  47.20000,  39.60786144444444500000, -104.76816908333333000000
   172,   1.21943847457395200000,  47.20000,  39.60796716666667000000, -104.76837650000000000000
   173,   1.23281304014803280000,  47.80000,  39.60806586111111500000, -104.76859222222222000000
   174,   1.24618759171365870000,  47.80000,  39.60816455555555400000, -104.76880794444445000000
   175,   1.25936335045518530000,  47.20000,  39.60827163888889000000, -104.76901238888888000000
   176,   1.27273787281394420000,  47.20000,  39.60837033333333000000, -104.76922811111110000000
   177,   1.28591467955244300000,  47.20000,  39.60847744444444600000, -104.76943255555555000000
   178,   1.29928819720087270000,  47.20000,  39.60857611111111000000, -104.76964827777778000000
   179,   1.31246497734753320000,  47.80000,  39.60868322222222600000, -104.76985272222223000000
   180,   1.32583944128795330000,  47.80000,  39.60878191666666500000, -104.77006844444445000000
   181,   1.33992281095208820000,  48.50000,  39.60888608333333000000, -104.77029541666667000000
   182,   1.35320951926717310000,  48.50000,  39.60898613888889000000, -104.77050816666666000000
   183,   1.36683408352102490000,  48.50000,  39.60909177777778000000, -104.77072388888888000000
   184,   1.38012175895419480000,  47.80000,  39.60919186111111400000, -104.77093663888888000000
   185,   1.39316689510725330000,  46.60000,  39.60928500000000000000, -104.77114938888889000000
   186,   1.40599955567438650000,  45.40000,  39.60938652777778000000, -104.77135088888889000000
   187,   1.41850081404576890000,  44.70000,  39.60946719444445000000, -104.77156066666666000000
   188,   1.43079683035842860000,  43.50000,  39.60954088888889000000, -104.77177047222222000000
   189,   1.44286837704848070000,  43.50000,  39.60959511111111000000, -104.77198555555556000000
   190,   1.45535402768572090000,  44.10000,  39.60964091666667000000, -104.77221191666666000000
   191,   1.46820803145618120000,  44.70000,  39.60967138888889000000, -104.77244955555555000000
   192,   1.48059990880183160000,  44.70000,  39.60968380555555500000, -104.77268122222222000000
   193,   1.49296944485689040000,  45.40000,  39.60968930555555500000, -104.77291291666667000000
   194,   1.50578812520858470000,  45.40000,  39.60968086111111600000, -104.77315288888889000000
   195,   1.51875366079613160000,  45.40000,  39.60968488888889000000, -104.77339580555555000000
   196,   1.53157242919966060000,  45.40000,  39.60967641666666600000, -104.77363577777777000000
   197,   1.54453803205573980000,  46.00000,  39.60967350000000000000, -104.77387872222222000000
   198,   1.55750360585258480000,  46.00000,  39.60967061111111000000, -104.77412166666666000000
   199,   1.57046920979128250000,  46.00000,  39.60966769444445000000, -104.77436461111111000000
   200,   1.58328798135895270000,  46.00000,  39.60965922222223000000, -104.77460458333333000000
   201,   1.59613735738249950000,  45.40000,  39.60964383333334000000, -104.77484455555556000000
   202,   1.60898689471139500000,  45.40000,  39.60962841666666600000, -104.77508452777778000000
   203,   1.62122824329766440000,  45.40000,  39.60961450000000000000, -104.77531322222222000000
   204,   1.63404702465437770000,  44.70000,  39.60960602777778000000, -104.77555319444444000000
   205,   1.64689641044235540000,  44.70000,  39.60959063888889000000, -104.77579316666666000000
   206,   1.65911108891611070000,  45.40000,  39.60958363888889000000, -104.77602188888889000000
   207,   1.67196063729509800000,  45.40000,  39.60956822222222000000, -104.77626186111111000000
   208,   1.68432477501428070000,  45.40000,  39.60956677777778000000, -104.77649355555556000000
   209,   1.69729033187037110000,  45.40000,  39.60957080555555600000, -104.77673647222223000000
   210,   1.71014403497873930000,  46.00000,  39.60960125000000400000, -104.77697411111112000000
   211,   1.72278233265623170000,  46.00000,  39.60962616666666500000, -104.77720875000000000000
   212,   1.73552271451688720000,  46.00000,  39.60967752777778000000, -104.77743808333334000000
   213,   1.74826255485604200000,  46.00000,  39.60972886111111500000, -104.77766741666666000000
   214,   1.76130126933108230000,  46.00000,  39.60979408333333400000, -104.77789675000000000000
   215,   1.77410712370876440000,  46.00000,  39.60986633333333600000, -104.77811780555555000000
   216,   1.78691222102874630000,  46.00000,  39.60993855555556000000, -104.77833886111111000000
   217,   1.79925805384004360000,  45.40000,  39.60999830555556000000, -104.77855694444445000000
   218,   1.81258134128819550000,  45.40000,  39.61006908333333600000, -104.77878925000000000000
   219,   1.82509526600430940000,  44.70000,  39.61013577777778000000, -104.77900733333333000000
   220,   1.83744106773912800000,  44.70000,  39.61019552777777600000, -104.77922541666666000000
   221,   1.85005583907010320000,  44.70000,  39.61024825000000000000, -104.77945177777778000000
   222,   1.86267126680934640000,  44.70000,  39.61029266666666600000, -104.77968111111112000000
   223,   1.87538459661925400000,  45.40000,  39.61032450000000400000, -104.77991577777777000000
   224,   1.88802397327684400000,  46.00000,  39.61034938888889000000, -104.78015044444444000000
   225,   1.90119576952706910000,  46.00000,  39.61036588888889000000, -104.78039636111112000000
   226,   1.91416265932647710000,  46.60000,  39.61036991666667000000, -104.78063930555555000000
   227,   1.92714853926507050000,  46.60000,  39.61038086111111000000, -104.78088225000000000000
   228,   1.94071391273152340000,  47.20000,  39.61038341666667000000, -104.78113644444444000000
   229,   1.95369979015665750000,  47.80000,  39.61039436111111000000, -104.78137938888890000000
   230,   1.96726516098894160000,  47.80000,  39.61039691666666600000, -104.78163358333333000000
   231,   1.98067238112378470000,  48.50000,  39.61039391666666600000, -104.78188480555555000000
   232,   1.99443431496990400000,  49.10000,  39.61040894444444400000, -104.78214197222222000000
   233,   2.00799965818823270000,  49.10000,  39.61041147222222500000, -104.78239616666667000000
   234,   2.02158118428898970000,  49.10000,  39.61042097222222000000, -104.78265038888888000000
   235,   2.03575646991636300000,  49.10000,  39.61042897222222000000, -104.78291583333333000000
   236,   2.04932183399451200000,  49.10000,  39.61043152777778000000, -104.78317002777777000000
   237,   2.06288717280695900000,  48.50000,  39.61043405555556000000, -104.78342422222222000000
   238,   2.07631181289310660000,  47.80000,  39.61042411111111500000, -104.78367547222221000000
   239,   2.08973497456585500000,  47.80000,  39.61041416666666500000, -104.78392669444445000000
   241,   2.10315813815384980000,  47.20000,  39.61040422222222000000, -104.78417791666666000000
   242,   2.11597677418225300000,  46.60000,  39.61039575000000000000, -104.78441788888888000000
   243,   2.12939994131735060000,  46.60000,  39.61038580555556000000, -104.78466911111111000000
   244,   2.14221866826134070000,  46.00000,  39.61037730555556000000, -104.78490908333333000000
   245,   2.15490234871490100000,  45.40000,  39.61036327777778000000, -104.78514608333333000000
   246,   2.16711696755267760000,  44.70000,  39.61035625000000000000, -104.78537480555555000000
   247,   2.17980065182634800000,  44.10000,  39.61034222222222000000, -104.78561180555555000000
   248,   2.19201527435888680000,  43.50000,  39.61033519444444600000, -104.78584052777778000000
   249,   2.20422982220438170000,  42.90000,  39.61032819444445000000, -104.78606925000000000000
   250,   2.21583488140447900000,  42.30000,  39.61032955555556000000, -104.78628672222221000000
   251,   2.22763564471983000000,  41.60000,  39.61034344444444600000, -104.78650713888890000000
   252,   2.23890364826921000000,  41.00000,  39.61036569444445000000, -104.78671633333333000000
   253,   2.25038542782152900000,  41.00000,  39.61039352777778000000, -104.78692847222221000000
   254,   2.26139259723930940000,  40.40000,  39.61042975000000000000, -104.78712936111111000000
   255,   2.27273432704084440000,  39.80000,  39.61045894444444600000, -104.78733852777778000000
   256,   2.28364305799010660000,  39.10000,  39.61048825000000000000, -104.78753941666666000000
   257,   2.29465165675531370000,  39.10000,  39.61052447222222400000, -104.78774033333333000000
   258,   2.30556002277440750000,  39.80000,  39.61055375000000000000, -104.78794122222222000000
   259,   2.31690173298907530000,  40.40000,  39.61058294444444500000, -104.78815038888888000000
   260,   2.32781009015042000000,  41.00000,  39.61061222222222000000, -104.78835127777778000000
   261,   2.33966057036344970000,  41.00000,  39.61063302777778000000, -104.78857172222222000000
   262,   2.35087201768397150000,  41.00000,  39.61064836111111000000, -104.78878088888890000000
   263,   2.36247703909555450000,  40.40000,  39.61064975000000000000, -104.78899836111111000000
   264,   2.37334175226225300000,  39.80000,  39.61064008333334000000, -104.78920158333334000000
   265,   2.38479138691763600000,  39.80000,  39.61063591666666600000, -104.78941608333334000000
   266,   2.39579930439824200000,  39.80000,  39.61063183333333600000, -104.78962230555555000000
   267,   2.40680387069143630000,  39.80000,  39.61063466666667000000, -104.78982850000000000000
   268,   2.41825350623851860000,  40.40000,  39.61063050000000000000, -104.79004300000000000000
   269,   2.42925807274273200000,  39.80000,  39.61063333333333000000, -104.79024919444444000000
   270,   2.44026263879852930000,  38.50000,  39.61063616666666600000, -104.79045538888889000000
   271,   2.45050839569114840000,  36.70000,  39.61063491666667000000, -104.79064738888889000000
   272,   2.46015200360401830000,  34.20000,  39.61063513888889000000, -104.79082811111111000000
   273,   2.46919603866053230000,  31.70000,  39.61063683333334000000, -104.79099758333334000000
   274,   2.47764029670620230000,  28.00000,  39.61063997222222000000, -104.79115577777777000000
   275,   2.48474125136384630000,  24.20000,  39.61064744444444600000, -104.79128850000000000000
   276,   2.49062764033790130000,  19.30000,  39.61065088888889000000, -104.79139872222223000000
   277,   2.49515039247816930000,  14.30000,  39.61065175000000000000, -104.79148347222223000000
   278,   2.49831442176128200000,   8.70000,  39.61064997222223000000, -104.79154272222222000000
   279,   2.49953211183062860000,   5.00000,  39.61064702777778000000, -104.79156522222222000000
   280,   2.49990270872405600000,   0.00000,  39.61064425000000000000, -104.79157116666667000000
   281,   2.49990270872405600000,   0.00000,  39.61064425000000000000, -104.79157116666667000000
   282,   2.49990270872405600000,   0.00000,  39.61064425000000000000, -104.79157116666667000000
   283,   2.49990270872405600000,   0.00000,  39.61064425000000000000, -104.79157116666667000000
   284,   2.49990270872405600000,   0.00000,  39.61064425000000000000, -104.79157116666667000000
   285,   2.49990270872405600000,   0.00000,  39.61064425000000000000, -104.79157116666667000000
   286,   2.49990270872405600000,   0.00000,  39.61064425000000000000, -104.79157116666667000000
   287,   2.49990270872405600000,   0.00000,  39.61064425000000000000, -104.79157116666667000000
   288,   2.49990270872405600000,   0.00000,  39.61064425000000000000, -104.79157116666667000000
   289,   2.49990270872405600000,   0.00000,  39.61064425000000000000, -104.79157116666667000000
   290,   2.49990270872405600000,   0.00000,  39.61064425000000000000, -104.79157116666667000000
   291,   2.49990270872405600000,   0.00000,  39.61064425000000000000, -104.79157116666667000000
   292,   2.49990270872405600000,   0.00000,  39.61064425000000000000, -104.79157116666667000000
   293,   2.49990270872405600000,   0.00000,  39.61064425000000000000, -104.79157116666667000000
   294,   2.49990270872405600000,   0.00000,  39.61064425000000000000, -104.79157116666667000000
   295,   2.49990270872405600000,   0.00000,  39.61064425000000000000, -104.79157116666667000000
   296,   2.49990270872405600000,   0.00000,  39.61064425000000000000, -104.79157116666667000000
   297,   2.49990270872405600000,   0.00000,  39.61064425000000000000, -104.79157116666667000000
   298,   2.49990270872405600000,   0.00000,  39.61064425000000000000, -104.79157116666667000000
   299,   2.49990270872405600000,   0.00000,  39.61064425000000000000, -104.79157116666667000000
   300,   2.49990270872405600000,   0.00000,  39.61064425000000000000, -104.79157116666667000000
   301,   2.49990270872405600000,   0.00000,  39.61064425000000000000, -104.79157116666667000000
   302,   2.49990270872405600000,   0.00000,  39.61064425000000000000, -104.79157116666667000000
   303,   2.49990270872405600000,   0.00000,  39.61064425000000000000, -104.79157116666667000000
   304,   2.49990270872405600000,   0.00000,  39.61064425000000000000, -104.79157116666667000000
   305,   2.49990270872405600000,   0.00000,  39.61064425000000000000, -104.79157116666667000000
   306,   2.49990270872405600000,   0.00000,  39.61064425000000000000, -104.79157116666667000000
   307,   2.49990270872405600000,   0.00000,  39.61064425000000000000, -104.79157116666667000000
   308,   2.49990270872405600000,   0.00000,  39.61064425000000000000, -104.79157116666667000000
   309,   2.49990270872405600000,   0.00000,  39.61064425000000000000, -104.79157116666667000000
   310,   2.49990270872405600000,   0.00000,  39.61064425000000000000, -104.79157116666667000000
   311,   2.49990270872405600000,   0.00000,  39.61064425000000000000, -104.79157116666667000000
   312,   2.49990270872405600000,   0.00000,  39.61064425000000000000, -104.79157116666667000000
   313,   2.49990270872405600000,   0.00000,  39.61064425000000000000, -104.79157116666667000000
   314,   2.49990270872405600000,   0.00000,  39.61064425000000000000, -104.79157116666667000000
   315,   2.49990270872405600000,   0.00000,  39.61064425000000000000, -104.79157116666667000000
   316,   2.49990270872405600000,   0.00000,  39.61064425000000000000, -104.79157116666667000000
   317,   2.49990270872405600000,   0.00000,  39.61064425000000000000, -104.79157116666667000000
   318,   2.49990270872405600000,   0.00000,  39.61064425000000000000, -104.79157116666667000000
   319,   2.49990270872405600000,   0.00000,  39.61064425000000000000, -104.79157116666667000000
   320,   2.49990270872405600000,   0.00000,  39.61064425000000000000, -104.79157116666667000000
   321,   2.49990270872405600000,   0.00000,  39.61064425000000000000, -104.79157116666667000000
   322,   2.49990270872405600000,   0.00000,  39.61064425000000000000, -104.79157116666667000000
   323,   2.49990270872405600000,   0.00000,  39.61064425000000000000, -104.79157116666667000000
   324,   2.49990270872405600000,   0.00000,  39.61064425000000000000, -104.79157116666667000000
   325,   2.49990270872405600000,   0.00000,  39.61064425000000000000, -104.79157116666667000000
   326,   2.49990270872405600000,   0.00000,  39.61064425000000000000, -104.79157116666667000000
   327,   2.49990270872405600000,   0.00000,  39.61064425000000000000, -104.79157116666667000000
   328,   2.49990270872405600000,   0.00000,  39.61064425000000000000, -104.79157116666667000000
   329,   2.49990270872405600000,   0.00000,  39.61064425000000000000, -104.79157116666667000000
   330,   2.49990270872405600000,   0.00000,  39.61064425000000000000, -104.79157116666667000000
   331,   2.49990270872405600000,   0.00000,  39.61064425000000000000, -104.79157116666667000000
   332,   2.49990270872405600000,   0.00000,  39.61064425000000000000, -104.79157116666667000000
   333,   2.49990270872405600000,   0.00000,  39.61064425000000000000, -104.79157116666667000000
   334,   2.49990270872405600000,   0.00000,  39.61064425000000000000, -104.79157116666667000000
   335,   2.49990270872405600000,   0.00000,  39.61064425000000000000, -104.79157116666667000000
   336,   2.49990270872405600000,   0.00000,  39.61064425000000000000, -104.79157116666667000000
   337,   2.49990270872405600000,   0.00000,  39.61064425000000000000, -104.79157116666667000000
   338,   2.49990270872405600000,   0.00000,  39.61064425000000000000, -104.79157116666667000000
   339,   2.49990270872405600000,   0.00000,  39.61064425000000000000, -104.79157116666667000000
   340,   2.49990270872405600000,   0.00000,  39.61064425000000000000, -104.79157116666667000000
   341,   2.49990270872405600000,   0.00000,  39.61064425000000000000, -104.79157116666667000000
   342,   2.49990270872405600000,   0.00000,  39.61064425000000000000, -104.79157116666667000000
   343,   2.49990270872405600000,   0.00000,  39.61064425000000000000, -104.79157116666667000000
   344,   2.49990270872405600000,   6.20000,  39.61064425000000000000, -104.79157116666667000000
   345,   2.50233923184254300000,  11.20000,  39.61063838888889000000, -104.79161619444444000000
   346,   2.50555727936896360000,  13.00000,  39.61062969444445000000, -104.79167544444444000000
   347,   2.50977064356430860000,  14.90000,  39.61059452777778000000, -104.79174000000000000000
   348,   2.51431369573455670000,  16.80000,  39.61054141666667000000, -104.79179033333334000000
   349,   2.51933773775638330000,  18.60000,  39.61047719444445000000, -104.79183472222222000000
   350,   2.52499554720933500000,  21.10000,  39.61039650000000000000, -104.79185363888888000000
   351,   2.53170917638794050000,  23.00000,  39.61029919444444400000, -104.79185533333333000000
   352,   2.53889804205856070000,  24.90000,  39.61019500000000400000, -104.79185705555555000000
   353,   2.54639978735376670000,  26.70000,  39.61008669444445000000, -104.79184452777777000000
   354,   2.55397356122880130000,  28.00000,  39.60997691666667000000, -104.79184325000000000000
   355,   2.56202447874935760000,  29.20000,  39.60986022222222400000, -104.79184200000000000000
   356,   2.57056812906365200000,  29.80000,  39.60973650000000400000, -104.79184900000000000000
   357,   2.57959049766032000000,  29.80000,  39.60960583333333000000, -104.79185602777778000000
   358,   2.58776015155745180000,  29.80000,  39.60948766666666600000, -104.79186602777777000000
   359,   2.59619902896816500000,  29.20000,  39.60936538888889000000, -104.79186177777778000000
   360,   2.60424995806138100000,  28.60000,  39.60924869444444600000, -104.79186050000000000000
   361,   2.61175157100416650000,  26.70000,  39.60914038888889000000, -104.79184800000000000000
   362,   2.61923032332130520000,  24.20000,  39.60903355555555500000, -104.79182422222222000000
   363,   2.62583420226782600000,  20.50000,  39.60893919444444600000, -104.79180341666667000000
   364,   2.63068462757735700000,  16.20000,  39.60886983333334000000, -104.79178855555556000000
   365,   2.63506499434994130000,  11.80000,  39.60880738888889000000, -104.79177369444444000000
   366,   2.63807956097404900000,  10.60000,  39.60876561111111000000, -104.79179024999999000000
   367,   2.64059134042347840000,   9.90000,  39.60873625000000000000, -104.79181808333333000000
   368,   2.64393235830767550000,  11.80000,  39.60871502777778000000, -104.79187436111111000000
   369,   2.64775925208176060000,  13.00000,  39.60870486111111400000, -104.79194486111110000000
   370,   2.65219493462213400000,  14.90000,  39.60869322222222000000, -104.79202661111111000000
   371,   2.65663242288730970000,  16.80000,  39.60868155555555600000, -104.79210838888889000000
   372,   2.66167691302748160000,  18.60000,  39.60866844444445000000, -104.79220138888888000000
   373,   2.66743385478280700000,  20.50000,  39.60865941666667000000, -104.79230863888888000000
   374,   2.67379847684147840000,  21.70000,  39.60864894444445000000, -104.79242713888888000000
   375,   2.68028199522577640000,  23.00000,  39.60865091666667000000, -104.79254861111112000000
   376,   2.68699761297766140000,  24.20000,  39.60866541666667000000, -104.79267305555555000000
   377,   2.69418624171540080000,  24.90000,  39.60869930555555400000, -104.79280044444444000000
   378,   2.70165805173267600000,  26.10000,  39.60873877777778000000, -104.79293083333333000000
   379,   2.70882193035958350000,  26.70000,  39.60878663888889000000, -104.79304997222222000000
   380,   2.71655403968767200000,  26.70000,  39.60884697222222400000, -104.79317208333333000000
   381,   2.72450133094384900000,  27.30000,  39.60892127777778000000, -104.79328588888889000000
   382,   2.73208374691163400000,  27.30000,  39.60899002777778000000, -104.79339675000000000000
   383,   2.73937606083583100000,  26.70000,  39.60905183333333000000, -104.79350761111111000000
   384,   2.74703464956698930000,  26.70000,  39.60909822222222000000, -104.79363800000000000000
   385,   2.75464048311184270000,  27.30000,  39.60912372222222000000, -104.79377666666666000000
   386,   2.76272705073819360000,  27.30000,  39.60914083333333500000, -104.79392658333333000000
   387,   2.77041002500577350000,  28.00000,  39.60913988888889000000, -104.79407055555555000000
   388,   2.77809448161319670000,  28.60000,  39.60913894444444600000, -104.79421455555556000000
   389,   2.78653897086257360000,  29.20000,  39.60914211111111000000, -104.79437275000000000000
   390,   2.79482518798440500000,  29.80000,  39.60913969444444400000, -104.79452800000000000000
   391,   2.80386791084200530000,  29.80000,  39.60914136111111400000, -104.79469744444444000000
   392,   2.81231388159585150000,  29.80000,  39.60914452777778000000, -104.79485566666666000000
   393,   2.82059861643599500000,  29.80000,  39.60914211111111000000, -104.79501088888888000000
   394,   2.82904453774933900000,  29.20000,  39.60914525000000500000, -104.79516911111111000000
   395,   2.83732927250275800000,  29.20000,  39.60914283333334000000, -104.79532433333333000000
   396,   2.84503256734549900000,  28.00000,  39.60913497222222000000, -104.79546833333333000000
   397,   2.85273451962606870000,  26.10000,  39.60912708333333400000, -104.79561230555555000000
   398,   2.85970670652363260000,  24.20000,  39.60910263888889000000, -104.79573908333333000000
   399,   2.86619235421666300000,  22.40000,  39.60906716666667000000, -104.79585163888889000000
   400,   2.87270749614797100000,  21.70000,  39.60900819444445000000, -104.79594700000000000000
   401,   2.87894143691001240000,  21.70000,  39.60893411111111000000, -104.79601388888890000000
   402,   2.88482786661839400000,  21.70000,  39.60885600000000000000, -104.79605827777777000000
   403,   2.89131312277464670000,  21.70000,  39.60876280555556000000, -104.79607419444444000000
   404,   2.89764585047065300000,  22.40000,  39.60867108333333400000, -104.79607886111111000000
   405,   2.90435758162493270000,  22.40000,  39.60857380555556000000, -104.79608058333334000000
   406,   2.91069030914079760000,  22.40000,  39.60848208333333500000, -104.79608525000000000000
   407,   2.91684383270165750000,  23.00000,  39.60839319444444600000, -104.79607569444444000000
   408,   2.92355554340518340000,  22.40000,  39.60829591666667000000, -104.79607738888889000000
   409,   2.92989018553852270000,  21.70000,  39.60820416666667000000, -104.79608205555556000000
   410,   2.93590101517735900000,  21.10000,  39.60811791666667000000, -104.79609800000000000000
   411,   2.94178510456558700000,  20.50000,  39.60803983333333600000, -104.79614236111111000000
   412,   2.94760826393060160000,  19.90000,  39.60796722222222000000, -104.79619800000000000000
   413,   2.95319798328016650000,  19.90000,  39.60792219444445000000, -104.79628508333333000000
   414,   2.95909033193116630000,  19.90000,  39.60788816666667000000, -104.79638636111110000000
   415,   2.96484733754020450000,  20.50000,  39.60787913888889000000, -104.79649361111110000000
   416,   2.97057235931585640000,  21.10000,  39.60787705555555500000, -104.79660086111110000000
   417,   2.97708364483608360000,  22.40000,  39.60788597222222000000, -104.79672233333334000000
   418,   2.98374336186792540000,  23.60000,  39.60789352777777600000, -104.79684675000000000000
   419,   2.99025464585854950000,  24.90000,  39.60790244444445000000, -104.79696822222222000000
   420,   2.99793923924753840000,  26.10000,  39.60790150000000400000, -104.79711222222222000000
   421,   3.00502183042804800000,  26.10000,  39.60790202777777600000, -104.79724494444444000000
   422,   3.01260301096383460000,  26.10000,  39.60788858333333500000, -104.79738594444444000000
   423,   3.01970642055404430000,  25.50000,  39.60785719444445000000, -104.79751272222222000000
   424,   3.02697309269060360000,  25.50000,  39.60781333333333000000, -104.79763652777777000000
   425,   3.03369112014839300000,  24.90000,  39.60776536111111000000, -104.79774608333334000000
   426,   3.04074485697934300000,  23.00000,  39.60770491666667000000, -104.79785269444444000000
   427,   3.04661436894538840000,  19.30000,  39.60765294444444600000, -104.79793977777777000000
   428,   3.05146910854443340000,  15.50000,  39.60761077777778000000, -104.79801261111110000000
   429,   3.05597550940288980000,  16.20000,  39.60756866666666600000, -104.79807716666666000000
   430,   3.06083025274887750000,  18.00000,  39.60752650000000000000, -104.79814999999999000000
   431,   3.06586942709147440000,  19.90000,  39.60748294444445000000, -104.79822580555556000000
   432,   3.07209663734527940000,  21.10000,  39.60743088888889000000, -104.79832113888888000000
   433,   3.07801123041083540000,  22.40000,  39.60739133333333000000, -104.79841947222222000000
   434,   3.08449701476057660000,  23.60000,  39.60735586111111000000, -104.79853202777778000000
   435,   3.09147004926925100000,  24.20000,  39.60734388888889000000, -104.79866177777778000000
   436,   3.09844285822811870000,  25.50000,  39.60733194444445000000, -104.79879152777778000000
   437,   3.10554401015300650000,  26.10000,  39.60733938888889000000, -104.79892425000000000000
   438,   3.11312501689900400000,  26.70000,  39.60732597222222000000, -104.79906525000000000000
   439,   3.12070625930487870000,  26.70000,  39.60731252777778000000, -104.79920625000000000000
   440,   3.12828584467358440000,  27.30000,  39.60728661111111400000, -104.79934427777778000000
   441,   3.13599252249721800000,  28.00000,  39.60725375000000000000, -104.79948230555556000000
   442,   3.14445144696017160000,  28.00000,  39.60720138888889000000, -104.79962563888888000000
   443,   3.15198120845055830000,  28.60000,  39.60714502777777600000, -104.79974647222222000000
   444,   3.16014176694938500000,  28.60000,  39.60708163888889000000, -104.79987558333333000000
   445,   3.16856878254923920000,  29.20000,  39.60701130555556000000, -104.80000469444444000000
   446,   3.17654170450361000000,  29.20000,  39.60692588888889000000, -104.80010533333333000000
   447,   3.18500346225855000000,  29.20000,  39.60683900000000000000, -104.80021725000000000000
   448,   3.19309895091742040000,  28.60000,  39.60674255555555600000, -104.80030366666666000000
   449,   3.20119444312984850000,  28.60000,  39.60664611111111000000, -104.80039008333333000000
   450,   3.20952269111912900000,  28.60000,  39.60654411111111000000, -104.80047355555556000000
   451,   3.21761819064279160000,  28.00000,  39.60644766666667000000, -104.80055997222222000000
   452,   3.22509456806360760000,  26.70000,  39.60637472222222000000, -104.80066358333333000000
   453,   3.23272130218040180000,  26.10000,  39.60629625000000000000, -104.80076425000000000000
   454,   3.24006737911140830000,  26.10000,  39.60622886111111000000, -104.80087083333333000000
   455,   3.24736226547184530000,  25.50000,  39.60617941666667000000, -104.80099166666666000000
   456,   3.25407946819431750000,  25.50000,  39.60613147222222000000, -104.80110122222221000000
   457,   3.26118362486946860000,  25.50000,  39.60610005555556000000, -104.80122800000000000000
   458,   3.26828720002364430000,  24.90000,  39.60606866666666500000, -104.80135477777777000000
   459,   3.27525967550554800000,  24.20000,  39.60604422222222000000, -104.80148155555555000000
   460,   3.28162327896434200000,  22.40000,  39.60603372222222000000, -104.80160002777778000000
   461,   3.28734850104794550000,  19.30000,  39.60603161111111000000, -104.80170727777778000000
   462,   3.29263049948453630000,  14.90000,  39.60602958333333000000, -104.80180622222223000000
   463,   3.29581238872697440000,  10.60000,  39.60603475000000000000, -104.80186547222222000000
   464,   3.29837398332152040000,   6.80000,  39.60603444444445000000, -104.80191347222222000000
   465,   3.30037561842432630000,   7.50000,  39.60602863888889000000, -104.80195022222222000000
   466,   3.30220195286814300000,   9.90000,  39.60602425000000400000, -104.80198397222222000000
